Question,CorrectAnswer,GivenAnswer,Correct
"يبدو أن البالغين في منتصف العمر أكثر ____ من البالغين الأكبر سنا أو الأصغر سنا
A.توليدي
B.العصبيه
C.مقبوله
D.متأكد",a,b. العصبية,false
"في أي حالة تم تعيين فيلم ماغنوليا عام 1999؟
A.كاليفورنيا
B.ساوث كارولينا
C.جورجيا
D.تكساس",a,a. كاليفورنيا,true
"ما هي اللغة الأم للممثل أنطونيو بانديراس؟
A.الإسبانية
B.الروسية
C.الألمانية
D.الفرنسية",a,a.الإسبانية,true
"ما هي اللغة الرسمية في هولندا؟
A.الدانماركية
B.السويدية
C.الألمانية
D.الهولندية",d,d.الهولندية,true
" تقدم أداة التسويق والاتصال هذه حافزا مباشرا أو حافزا لتشجيع العملاء على شراء منتج / خدمة:
A.الاعلان.
B.العلاقات العامة.
C.ترويج المبيعات.
D.التسويق المباشر.",c,c.ترويج المبيعات.,true
"أي من العوامل التالية يمكن اعتباره عامل ""جذب"" لريفا عند التفكير في الانتقال من الهند إلى الولايات المتحدة؟
A.الفقر المدقع
B.وظائف أفضل وأجور أعلى
C.النظام الطبقي في الهند
D.العنف في حيها",b,b. وظائف أفضل وأجور أعلى,true
"مغالطة شخصية الثناء هي نوع محدد من
A.مغالطة الحادث
B.معضلة كاذبة
C.استجداء السؤال
D.الاستدلال الدائري",a,"مغالطة شخصية الثناء هي نوع محدد من
a. مغالطة الحادث",true
"يشير هذا السؤال إلى المعلومات الآتية.
""إن بذور الأنظمة الشمولية يغذيها البؤس والعوز. إنها تنتشر وتنمو في تربة الفقر والصراع الشريرة. إنهم يصلون إلى نموهم الكامل عندما يموت أمل شعب في حياة أفضل. يجب أن نبقي هذا الأمل حيا. . . . لقد تم وضع مسؤوليات كبيرة على عاتقنا من خلال الحركة السريعة للأحداث. . . . أنا واثق من أن الكونغرس سيواجه هذه المسؤوليات بشكل مباشر"".
الرئيس هاري ترومان ، 1947
تعكس الأفكار المعبر عنها في المقطع أعلاه بشكل مباشر أي من الاستمرارية التالية في تاريخ الولايات المتحدة؟
A.مناقشات حول العلاقة بين الكونغرس والرئيس.
B.مناقشات حول استخدام القوة العسكرية في المواقف المتقلبة.
C.مناقشات حول دور الولايات المتحدة في الشؤون العالمية.
D.مناقشات حول الدور المناسب للأحزاب السياسية.",c,c. مناقشات حول دور الولايات المتحدة في الشؤون العالمية.,true
"أي من هذه الأطباق مصنوع من أمعاء الخنازير؟
A.هاغيس
B.كيتلينز
C.الحصي
D.تشوب سوي",b,"b. كيتلينز

كيتلينز (chitlins أو chitterlings) هو الطبق المصنوع من أمعاء الخنازير.",true
"يشار إلى الارتباط الذاتي المتبقي السلبي بأي مما يلي؟
A.نمط دوري في المخلفات
B.نمط متناوب في البقايا
C.عشوائية كاملة في المخلفات
D.المخلفات التي تقترب جميعها من الصفر",b,"الارتباط الذاتي المتبقي السلبي يشير إلى وجود نمط متناوب في البقايا. لذلك، الإجابة الصحيحة هي:

b. نمط متناوب في البقايا",true
"يشير هذا السؤال إلى المعلومات الآتية.
أولا يجب أن نلاحظ أن الكون كروي في الشكل ، ويرجع ذلك جزئيا إلى أن هذا الشكل هو كل كامل لا يتطلب أي مفاصل ، هو الأكثر اكتمالا على الإطلاق ، جزئيا لأنه يصنع الشكل الأكثر رحابة ، وهو الأنسب لاحتواء كل شيء والحفاظ عليه. أو مرة أخرى لأن جميع الأجزاء المكونة للكون ، أي الشمس والقمر والكواكب تظهر بهذا الشكل ؛ أو لأن كل شيء يسعى جاهدا للوصول إلى هذا الشكل ، كما يظهر في حالة قطرات الماء والأجسام السائلة الأخرى إذا حاولوا تعريف أنفسهم. لذلك لن يشك أحد في أن هذا الشكل ينتمي إلى الأجرام السماوية. ...
لذلك فإن كون الأرض كروية أيضا أمر لا جدال فيه ، لأنه يضغط من جميع الجهات على مركزها. على الرغم من أنه بسبب ارتفاعات الجبال ومنخفضات الوديان ، لا يمكن فهم دائرة كاملة ، إلا أن هذا لا يؤثر على الطبيعة الكروية العامة للأرض. ...
كما ثبت بالفعل أن الأرض لها شكل كرة ، يجب أن نفكر فيما إذا كانت الحركة تتزامن أيضا مع هذا الشكل ، وما هي المكانة التي تحتلها الأرض في الكون. ... تتفق الغالبية العظمى من المؤلفين بالطبع على أن الأرض لا تزال في مركز الكون ، ويعتبرون أنه من غير المعقول والسخف افتراض عكس ذلك. ولكن إذا تم تقييم المسألة بعناية ، فسوف يتبين أن المسألة لم تتم تسويتها بعد ، وبالتالي لا يمكن بأي حال من الأحوال النظر إليها باستخفاف. كل تغيير في المكان يتم ملاحظته يرجع ، أي إلى حركة الجسم المرصود أو المراقب ، أو إلى حركات كليهما. ... الآن من الأرض يتم ملاحظة ثورة السماوات ويتم إنتاجها لأعيننا. لذلك إذا لم تخضع الأرض لأي حركة ، فيجب أن تحدث هذه الحركة في كل شيء خارج الأرض ، ولكن في الاتجاه المعاكس مما لو تحرك كل شيء على الأرض ، وهذا النوع هو الثورة اليومية. لذلك يبدو أن هذا يؤثر على الكون كله ، أي كل شيء خارج الأرض باستثناء واحد للأرض نفسها. ومع ذلك ، إذا كان على المرء أن يعترف بأن هذه الحركة لم تكن خاصة بالسماء ، ولكن الأرض تدور من الغرب إلى الشرق ، وإذا تم النظر في ذلك بعناية فيما يتعلق بالشروق والغروب الظاهري للشمس والقمر والنجوم ، اكتشاف أن هذا هو الوضع الحقيقي "".
نيكولاس كوبرنيكوس ، ثورات الأجرام السماوية ، 1543
يمكن استخدام المقطع كدليل على أن كوبرنيكوس اختلف عن الفلاسفة الطبيعيين الأرسطيين التقليديين في عصره لأنه اقترح ذلك
A.الكون كروي
B.الأرض كروية
C.الكون جيوستاتيكي
D.الأرض ليست ثابتة",d,d. الأرض ليست ثابتة,true
"يتم تمثيل الجهد المستحث في المحث على النحو التالي ،
A.نتاج محاثه والتيار من خلاله.
B.نسبة محاثه إلى التيار من خلاله.
C.نسبة التيار من خلاله إلى محاثه.
D.ناتج محاثه ومعدل تغير التيار من خلاله.",d,"d. ناتج محاثه ومعدل تغير التيار من خلاله.

الجهد المستحث في المحث يتم تمثيله بالعلاقة \(v = l \frac{di}{dt}\)، حيث \(v\) هو الجهد المستحث، \(l\) هو محاثة الملف، و\(\frac{di}{dt}\) هو معدل تغير التيار بالنسبة للزمن.",true
"أي من الخصائص التالية تتفق بشكل عام مع الاغتصاب في موعد غرامي؟
A.استخدام القوة المفرطة
B.مع سبق الاصرار
C.دوافع جنسية
D.ينطوي على استخدام سلاح",c,"c. دوافع جنسية

الاغتصاب في موعد غرامي غالبًا ما يكون مدفوعًا بدوافع جنسية. في حين أن القوة قد تُستخدم، فإن استخدام القوة المفرطة أو السلاح ليس بالضرورة خاصية مميزة لهذا النوع من الاغتصاب. كما أنه لا يتطلب بالضرورة التخطيط المسبق أو سبق الإصرار.",true
"الطفرات التي تسبب الودانة لها تأثير يمكن تصنيفه على النحو التالي:
A.السلبية المهيمنة.
B.كسب الوظيفة.
C.هابلوينكفاي.
D.فقدان الوظيفة.",b,"الطفرات التي تسبب الودانة (وهي حالة تتميز بوجود أذنين صغيرتين أو غير مكتملتي النمو) يمكن أن تكون نتيجة لطفرات تؤدي إلى ""فقدان الوظيفة"" (d). هذا النوع من الطفرات يؤدي إلى فقدان أو تقليل وظيفة الجين المتأثر، مما قد يؤدي إلى عدم تطور الأذنين بشكل طبيعي.",true
"دبابة على شكل منشور مثلث. إذا كانت القاعدة المثلثة مساحتها ١١٦ قدما مربعا، وكان طول الخزان ٣٠ قدما، فما كمية الماء التي سيحتوي عليها الخزان عندما يكون ممتلئا؟
A.1725 قدم ^ 3
B.1740 قدم ^ 3
C.3480 قدم ^ 3
D.6960 قدم ^ 3",c,"لحساب حجم الخزان الذي على شكل منشور مثلث، نستخدم الصيغة:

\[ \text{حجم المنشور} = \text{مساحة القاعدة} \times \text{الارتفاع} \]

حيث أن مساحة القاعدة المثلثة هي 116 قدمًا مربعًا، وطول الخزان (الذي يعتبر الارتفاع في هذه الحالة) هو 30 قدمًا، نحصل على:

\[ \text{حجم المنشور} = 116 \, \text{قدم}^2 \times 30 \, \text{قدم} = 3480 \, \text{قدم}^3 \]

إذًا، الخيار الصحيح هو:

c. 3480 قدم ^ 3",true
"مريض يعاني من كسر في الرقبة مع تلف في الحبل الشوكي على مستوى الفقرة العنقية السادسة.
A.لن يكونوا قادرين على التنفس بدون دعم الحياة.
B.سيكونون قادرين فقط على التنفس بهدوء.
C.من المستحيل التنبؤ بتأثير على التنفس.
D.لن يتأثر التنفس.",b,"a. لن يكونوا قادرين على التنفس بدون دعم الحياة.

الإصابة في الفقرة العنقية السادسة (c6) يمكن أن تؤثر بشكل كبير على القدرة على التنفس. هذا لأن الأعصاب التي تنظم وظائف العضلات الرئيسية المستخدمة في التنفس، مثل الحجاب الحاجز، يمكن أن تتأثر. في حالات كثيرة، قد يحتاج المرضى إلى دعم الحياة للمساعدة في التنفس، خاصة في المراحل الأولى بعد الإصابة. ومع ذلك، القدرة على التنفس بشكل مستقل يمكن أن تتحسن مع الوقت والعلاج الفيزيائي في بعض الحالات.",false
"بالمقارنة مع الأحزاب السياسية في دول مثل إنجلترا وإسرائيل ، وكلاهما لديه أنظمة متعددة الأحزاب ، فإن الأحزاب السياسية الأمريكية
A.أقل اهتماما بالتأثير على نتائج الانتخابات
B.أقل وضوحا مع الأيديولوجيات السياسية المتسقة
C.أقل فعالية في جمع الأموال من المؤيدين السياسيين
D.أكثر قدرة على عكس أهداف دوائرهم الانتخابية بأكملها",b,"b.أقل وضوحا مع الأيديولوجيات السياسية المتسقة

في الولايات المتحدة، النظام الثنائي الحزبي يعني أن هناك حزبين رئيسيين يهيمنان على السياسة: الحزب الديمقراطي والحزب الجمهوري. بينما يمكن تحديد الأيديولوجيات العامة لكل حزب، فإن الطيف الواسع للآراء داخل كل حزب يعني أن الأيديولوجيات قد تكون أقل وضوحًا وتناسقًا مقارنة بالأحزاب في أنظمة متعددة الأحزاب مثل إنجلترا وإسرائيل، حيث يمكن للأحزاب أن تمثل نطاقًا أوسع من الآراء والمواقف الأيديولوجية بشكل أكثر تحديدًا.",true
"أي مما يلي يجعل تحديد العلاقة التطورية للأنواع المختلفة بناء على تتابع الأحماض الأمينية للبروتينات المتماثلة أقل دقة بوجه عام من تحديد العلاقة بناء على تتابعات النيوكليوتيدات للجينات المتماثلة؟
A.الطفرات الصامتة
B.الازدواجية الجينية
C.أحداث النقل التي تغير تسلسل الجينات
D.العبور",a,"a. الطفرات الصامتة

الطفرات الصامتة هي تغييرات في تسلسل النيوكليوتيدات لا تؤدي إلى تغيير في الأحماض الأمينية المكونة للبروتين. هذا يعني أن تسلسل الأحماض الأمينية للبروتين قد يبقى ثابتًا حتى مع وجود اختلافات في تسلسل النيوكليوتيدات للجين الذي يكوّد لهذا البروتين. بالتالي، عند مقارنة الأنواع بناءً على تتابع الأحماض الأمينية، قد لا تُظهر هذه الطريقة بعض الاختلافات الجينية الدقيقة التي يمكن اكتشافها عند مقارنة تتابعات النيوكليوتيدات مباشرة. هذا يجعل تحديد العلاقات التطورية بناءً على تتابع الأحماض الأمينية أقل دقة بوجه عام مقارنة بالتحديد بناءً على تتابعات النيوكليوتيدات.",true
"هل القتل غير المشروع الذي يرتكبه وزير البلد X في الخارج هو عمل إمبريالي بحكم القانون أو بحكم القانون؟
A.مثل هذا السلوك هو عمل عام (بحكم القانون)
B.مثل هذا السلوك لا يجذب الحصانة أبدا
C.هذا السلوك هو عمل خاص (jure menttionis)
D.وهذا السلوك هو عمل علني ولكنه محمي بالحصانة.",c,"d. وهذا السلوك هو عمل علني ولكنه محمي بالحصانة.

في القانون الدولي، يُعتبر القتل غير المشروع الذي يرتكبه وزير من دولة في الخارج عملاً يمكن أن يُصنف تحت مظلة ""الأعمال الرسمية"" التي يقوم بها ممثلو الدولة. هذه الأعمال، حتى لو كانت غير قانونية أو تنتهك القوانين الدولية، غالبًا ما تكون محمية بموجب مبدأ الحصانة السيادية، والذي يحمي المسؤولين الحكوميين من الملاحقة القضائية في الدول الأجنبية بسبب أعمالهم الرسمية. ومع ذلك، هناك نقاشات وتحديات قانونية مستمرة حول مدى وحدود هذه الحصانة، خاصة فيما يتعلق بالجرائم الجسيمة مثل القتل غير المشروع.",false
"يقوم الطلاب بإجراء تمرين فصل الصباغ النباتي الذي يتطلب منهم استخدام غرفة كروماتوغرافيا مغلقة مع كمية صغيرة من الأسيتون في قاع الغرفة. تتضمن تحذيرات السلامة الخاصة بالأسيتون بيانا بأنه مهيج للعين والجلد وله أبخرة قابلة للاشتعال. ما هي احتياطات السلامة التي يجب على الطلاب اتخاذها أثناء إجراء التمرين؟
A.ارتداء قفازات مقاومة للحريق لحمل الحجرة إلى غطاء دخان إذا اشتعلت النيران في الأسيتون
B.وضع الحجرة في خزانة مغلقة ومظلمة طوال مدة فصل الصباغ
C.ارتداء قفازات جلدية وتغطية الأنف والفم بقناع الجسيمات
D.ارتداء نظارات واقية وقفازات من نوع النتريل وإبقاء جميع حاويات الأسيتون مغلقة",d,"d. ارتداء نظارات واقية وقفازات من نوع النتريل وإبقاء جميع حاويات الأسيتون مغلقة

هذه الاحتياطات تضمن الحماية من التعرض المباشر للأسيتون، الذي يمكن أن يهيج الجلد والعينين، وكذلك تقليل خطر استنشاق الأبخرة القابلة للاشتعال. استخدام نظارات واقية يحمي العينين، والقفازات النتريل توفر حماية لليدين من التلامس المباشر بالأسيتون، وإبقاء الحاويات مغلقة يقلل من خطر تبخر الأسيتون وتشكيل أبخرة قابلة للاشتعال في المختبر.",true
"أي من أفلام الرعب هذه أنتجت معظم التتابعات؟
A.الصراخ'
B.فكي
C.هالوين'
D.الجمعة 13'",d,"من بين الخيارات المذكورة، ""الجمعة 13"" (friday the 13th) هو الذي أنتج معظم التتابعات. سلسلة ""الجمعة 13"" تتضمن أصلاً 12 فيلماً، بدءًا من الفيلم الأول الذي صدر في عام 1980. تتبع السلسلة قصة جيسون فورهيس وأمه، اللذين يقومان بقتل العديد من الأشخاص، أغلبهم من المراهقين، في مخيم كريستال ليك والمناطق المحيطة به. 

بالمقارنة، سلسلة ""هالوين"" تضم 13 فيلماً حتى الآن، بما في ذلك الأفلام الأصلية والتتابعات وإعادات الإنتاج. ""الصراخ"" (scream) لديها 5 أفلام حتى الآن، و""فكي"" (jaws) لديها 4 أفلام. 

لذا، بالرغم من أن ""هالوين"" لديها عدد أفلام مقارب، ""الجمعة 13"" تعتبر السلسلة ذات أكبر عدد من التتابعات بين الخيارات المعطاة.",true
"التحقق المتقاطع من K هو
A.خطي في K
B.تربيعي في K
C.مكعب في K
D.الأسي في K",a,"التحقق المتقاطع من \(k\) هو b. تربيعي في \(k\).

السبب وراء ذلك هو أن التحقق المتقاطع من \(k\) يتطلب تقسيم البيانات إلى \(k\) أجزاء، ثم تدريب النموذج \(k\) مرات، كل مرة باستخدام جزء واحد كمجموعة اختبار والأجزاء الباقية كمجموعة تدريب. في كل تكرار، يتم حساب الخطأ على مجموعة الاختبار. العملية بأكملها تتطلب وقتًا يزداد مع زيادة \(k\)، ولكن الزيادة في الوقت ليست خطية بسبب الحاجة إلى إعادة تدريب النموذج وإعادة تقييمه على مجموعات مختلفة. ومع ذلك، الوصف الأكثر دقة للتعقيد الحسابي للتحقق المتقاطع من \(k\) يعتمد على تفاصيل النموذج وكيفية تنفيذ التحقق المتقاطع. في الحالات الأساسية، يمكن اعتبار التكلفة الحسابية تربيعية في \(k\)، لكن هذا التبسيط قد لا ينطبق على جميع السيناريوهات.",false
"حدد سابقة الاقتراح الشرطي التالي: يفوز النحل بمباراته الأولى فقط إذا لم يفز خنزير الأرض أو السنجاب بمبارياته الأولى.
A.لا يفوز خنزير الأرض بمباراته الأولى.
B.النحل يفوز بمباراته الأولى.
C.السنجاب لا يفوز بمباراته الأولى.
D.إما أن خنزير الأرض أو السنجاب لا يفوزون بمبارياتهم الأولى.",b,"السابقة في الاقتراح الشرطي هي الجزء الذي يسبق كلمة ""إذا"" ويعتبر الشرط اللازم لحدوث النتيجة. ولكن في العبارة المقدمة، الجزء الذي يأتي بعد ""إذا"" هو الذي يحدد الشرط لحدوث النتيجة (أي فوز النحل بمباراته الأولى). العبارة تقول: ""يفوز النحل بمباراته الأولى فقط إذا لم يفز خنزير الأرض أو السنجاب بمبارياته الأولى."" هذا يعني أن الشرط لفوز النحل هو ألا يفوز خنزير الأرض أو السنجاب بمبارياتهم الأولى.

بناءً على هذا، الخيار الصحيح هو:
d. إما أن خنزير الأرض أو السنجاب لا يفوزون بمبارياتهم الأولى.

هذا لأن العبارة تشير إلى أن فوز النحل مشروط بعدم فوز خنزير الأرض والسنجاب بمبارياتهم الأولى، مما يعني أن الشرط يتضمن كلاً من خنزير الأرض والسنجاب.",true
"الرقم ، مقربا لأقرب ألف ، هو 47,000. أي عدد يمكن أن يكون العدد الذي تم تقريبه؟
A.46,295
B.46,504
C.47,520
D.47,924",b,"عند تقريب الأعداد لأقرب ألف، ننظر إلى الرقم في مئات العدد. إذا كان هذا الرقم 500 أو أكثر، نقرب العدد إلى الألف التالي. إذا كان أقل من 500، نقرب العدد إلى الألف السابق.

الرقم المقرب إلى أقرب ألف هو 47,000. هذا يعني أن العدد الأصلي يمكن أن يكون أي عدد من 46,500 إلى 47,499.

الخيارات المعطاة هي:
a. 46,295 - هذا العدد سيتم تقريبه إلى 46,000 لأنه أقل من 46,500.
b. 46,504 - هذا العدد يقع ضمن النطاق من 46,500 إلى 47,499، لذا يمكن تقريبه إلى 47,000.
c. 47,520 - هذا العدد أيضًا يقع ضمن النطاق ويمكن تقريبه إلى 47,000.
d. 47,924 - هذا العدد يقع ضمن النطاق ويمكن تقريبه إلى 47,000 أيضًا.

إذًا، الأعداد التي يمكن أن تكون قد تم تقريبها إلى 47,000 هي:
b. 46,504
c. 47,520
d. 47,924",true
"أوجد تركيز H+(aq) في محلول 1.0 M من الفينول، C6H5OH. (كا للفينول هو 1 × 10 ^ -10.)
A.1 × 10^-10 م
B.1 × 10^-9 م
C.1 × 10^-3 م
D.1 × 10^-5 م",d,"لحساب تركيز \(h^+(aq)\) في محلول 1.0 m من الفينول، نحتاج إلى استخدام ثابت الحموضة (\(k_a\)) للفينول، والذي يعطى بقيمة \(1 \times 10^{-10}\).

الفينول (\(c_6h_5oh\)) هو حمض ضعيف، وعندما يذوب في الماء، يتفكك جزئياً ليعطي أيونات الهيدرونيوم (\(h^+\)) وأيونات الفينوكسيد (\(c_6h_5o^-\)) وفقاً للمعادلة التالية:

\[c_6h_5oh_{(aq)} \rightleftharpoons h^+_{(aq)} + c_6h_5o^-_{(aq)}\]

وبما أن \(k_a = \frac{[h^+][c_6h_5o^-]}{[c_6h_5oh]}\)

ومع ذلك، نظراً لأن الفينول حمض ضعيف وتركيزه الابتدائي 1.0 m، يمكننا افتراض أن التفكك ضئيل وبالتالي تركيز \(c_6h_5oh\) يظل قريباً من 1.0 m. هذا يعني أن \([h^+]\) و \([c_6h_5o^-]\) ستكون متساوية وصغيرة مقارنة بتركيز الفينول الابتدائي.

لذلك، يمكننا إعادة كتابة المعادلة على النحو التالي:

\[k_a = \frac{x^2}{1.0}\]

حيث \(x\) هو تركيز \(h^+\) وأيضاً تركيز \(c_6h_5o^-\).

من هنا، نحصل على:

\[1 \times 10^{-10} = \frac{x^2}{1.0}\]

\[x^2 = 1 \times 10^{-10}\]

\[x = \sqrt{1 \times 10^{-10}}\]

\[x = 1 \times 10^{-5}\]

إذاً، تركيز \(h^+(aq)\) في محلول 1.0 m من الفينول هو \(1 \times 10^{-5} m\).

الإجابة هي d. \(1 \times 10^{-5} m\).",true
"يمكن للطاقة المنبعثة من انهيار الفوسفات عالي الطاقة ، ATP والفوسفوكرياتين ، أن تحافظ على أقصى قدر من الجهد لحوالي:
A.1-2 ثانية.
B.5-10 ثواني.
C.30-40 ثانية.
D.50-60 ثانية.",b,b.5-10 ثاني.,true
"ما هو المصطلح الذي يشير إلى مدى تأثر المنافسة في بلد ما بالمنافسة في البلدان الأخرى؟
A.التجارة الدولية
B.الاقتصاد العالمي
C.المنافسة العالمية
D.العولمة",d,d. العولمة,true
"من المرجح أن يكون العجز المكتسب مرتبطا بشكل مباشر ب
A.تأثير بارنوم.
B.التحيز لخدمة الذات.
C.موضع تحكم خارجي.
D.احترام إيجابي غير مشروط.",c,c. موضع تحكم خارجي.,true
"ما هو هجوم الإعادة؟
A.عندما يرد المهاجم على رسالة مرسلة إليه بواسطة النظام
B.هجوم يتكرر باستمرار ، يبحث عن نقطة ضعف
C.هجوم يستخدم رسائل النظام الخاصة وبالتالي لا يمكن الدفاع عنه
D.يعيد المهاجم إرسال رسالة تم التقاطها ، ويقبل الموقع ويستجيب لصالح المهاجم",d,d. يعيد المهاجم إرسال رسالة تم التقاطها ، ويقبل الموقع ويستجيب لصالح المهاجم,true
"تشارك الشركات في المحاسبة الاجتماعية بسبب طلبات _________ ، من أجل تحديد ________ ، وتحسين ___________ وتشجيع _________ ___________
A.أصحاب المصلحة, المخاطر, إدارة أصحاب المصلحة, المساءلة, الشفافية
B.أصحاب المصلحة, المساءلة, الشفافية, المخاطر, إدارة أصحاب المصلحة
C.أصحاب المصلحة, المساءلة, المخاطر, أصحاب المصلحة, إدارة أصحاب المصلحة
D.أصحاب المصلحة, إدارة أصحاب المصلحة, الشفافية, المخاطر, المساءلة",a,"a. أصحاب المصلحة, المخاطر, إدارة أصحاب المصلحة, المساءلة, الشفافية",true
"يشير هذا السؤال إلى المعلومات الآتية.
""في الواقع، بما أن فتاوى [العلماء] المتميزين الذين يبنون رأيهم على العقل والتقاليد على حد سواء وإجماع المجتمع السني يتفقان على أن الواجب القديم المتمثل في استئصال وإبادة وطرد البدع الشريرة يجب أن يكون هدف طموحنا السام، لأن ""الغيرة الدينية هي انتصار لإيمان الله الرحيم""؛ ثم وفقا لكلام النبي (صلى الله عليه وسلم!) ""كل من أدخل ابتكارا شريرا في نظامنا يجب طرده"" و ""كل من يفعل ضد نظامنا يجب طرده"" ، أصبح العمل ضروريا وملحا ...""
رسالة من السلطان العثماني سليم الأول إلى الشاه الصفوي إسماعيل الأول، ١٥١٤
أثار الصفويون غضب الإمبراطوريات الإسلامية مثل الإمبراطوريتين العثمانية والمغولية في المقام الأول لأن الصفويين
A.كانت إمبراطورية توسعية تقع جغرافيا بين اثنين من التوسعيين الآخرين
B.رفض المبادئ المركزية للإسلام
C.استعبدوا المسيحيين وحولوهم إلى مقاتلين صفويين
D.أعلن إسماعيل نفسه خليفة",a,a. كانت إمبراطورية توسعية تقع جغرافيا بين اثنين من التوسعيين الآخرين,true
"أي من البلدان التالية انبعث منها أكبر قدر من ثاني أكسيد الكربون للفرد في عام 2017؟
A.اليابان
B.كندا
C.روسيا
D.إيران",b,في عام 2017، كانت كندا (b) من بين الخيارات المذكورة، البلد الذي انبعث منه أكبر قدر من ثاني أكسيد الكربون للفرد.,true
"تم تجميد بعض مياه المريخ في التربة والقمم الجليدية وبعضها فقد بسبب تجريد الرياح الشمسية ولكن يعتقد أن الكثير من المياه الأصلية قد فقدت من خلال آلية أخرى. ماذا حدث لهذه المياه ""المفقودة""؟
A.تم تجريده من المجال المغناطيسي عندما انخفضت قوته بسرعة
B.تم تقسيمه إلى هيدروجين وأكسجين بواسطة الأشعة فوق البنفسجية وفقد الهيدروجين من خلال الهروب الحراري
C.استهلكتها حضارة المريخيين العطشى
D.تم تبخيره خلال فترة من البراكين الشديدة وفقد في الفضاء من خلال الهروب الحراري",b,b.تم تقسيمه إلى هيدروجين وأكسجين بواسطة الأشعة فوق البنفسجية وفقد الهيدروجين من خلال الهروب الحراري,true
"ما هو المنظور النفسي الأكثر شعبية في مطلع القرن العشرين في أوروبا الغربية؟
A.علم الاعصاب
B.تطوري
C.السلوكية
D.التحليل النفسي",d,"d. التحليل النفسي

في مطلع القرن العشرين، كان التحليل النفسي هو المنظور النفسي الأكثر شعبية في أوروبا الغربية، وخاصة بفضل أعمال سيغموند فرويد الذي يعتبر مؤسس هذا المجال.",true
"ابحث عن $-\dfrac{1}{-3}\cdot\cfrac{1}{~\frac{1}{-3}~}.$
A.1
B.-1
C.0
D.2",b,"لحل هذه المسألة، نتبع الخطوات التالية:

\[
-\dfrac{1}{-3}\cdot\cfrac{1}{~\frac{1}{-3}~}
\]

أولاً، نبسط الكسر في المقام:

\[
\cfrac{1}{~\frac{1}{-3}~} = -3
\]

ثم نضرب الناتج في الكسر الموجود في البداية:

\[
-\dfrac{1}{-3} \cdot (-3)
\]

نبسط العملية:

\[
= \dfrac{1}{3} \cdot (-3)
\]

\[
= -1
\]

إذاً، الإجابة هي:

b.-1",true
"في دائرة كهربية موصلة على التوالي، إذا كان التيار المار في مصباح واحد يساوي 2 أمبير، فإن شدة التيار المار في المصباح المجاور له تساوي
A.نصف ، 1 أ
B.2:00 صباحا
C.يعتمد على المصباح الأقرب إلى البطارية
D.لا توجد معلومات كافية لقولها",b,"b. 2 أمبير

في دائرة كهربائية موصلة على التوالي، التيار الكهربائي المار في جميع المكونات (مثل المصابيح) يكون متساوياً. هذا يعني أنه إذا كان التيار المار في مصباح واحد يساوي 2 أمبير، فإن شدة التيار المار في المصباح المجاور له ستكون أيضاً 2 أمبير، بغض النظر عن موقعه في الدائرة أو خصائصه الأخرى.",true
"يشير هذا السؤال إلى المعلومات الآتية.
أمشي بجانب العمود ، وأسأل عما يحدث.
يقول أحد الجنود ببساطة: ""إنهم يتصلون أكثر كل يوم.
""تم إرسال بعضنا شمالا إلى النهر الأصفر في سن الخامسة عشرة ،
والآن في الأربعين نتجه إلى الحاميات في الغرب.
في جولتنا الأولى ، كان على رئيس القرية ربط مناديلنا لنا.
عندما عدنا، كان شعرنا أبيض، ولكن لا يزال هناك المزيد من الاضطرابات.
الحاميات الحدودية تجري بالدم ، بما يكفي لملء المحيط ،
لكن طموحات الإمبراطور العسكري الإقليمية لم تصل بعد إلى ذروتها.
في مائة منطقة شرق الجبال ، في جميع أنحاء أرض هان ،
يجب أن يكون هناك عشرة آلاف قرية تغزو البرامبلز الآن.
حتى لو كانت الزوجات قويات بما يكفي للتعامل مع مجرفة ومحراث ،
تنمو المحاصيل في كل اتجاه ، والحقول كلها في حالة من الفوضى.
إنه أصعب بالنسبة لرجال شانشي ، بسمعتهم كمقاتلين:
يتم تجميعهم مثل أو الدجاج ، كل ذكر معجب.
""لكن سيدي ، على الرغم من أنه من الجيد أن تسأل ،
الشكوى ليست جزءا من مهمة الجندي.
يمكننا فقط أن نهز رؤوسنا. خذ هذا الشتاء:
لم يتم إرسال قوات شانشي إلى ديارهم.
ضباط المقاطعة يطالبون بضريبة الأرض ،
ولكن من أين ستأتي؟ ماذا يأخذ الريح من البلاط!
أعتقد بصراحة أنه من سوء الحظ أن تنجب ابنا الآن ،
من الأفضل أن يكون لديك ابنة: على الأقل يمكنها الزواج
والعيش مع الجيران المجاورين.
لكن الابن سينتهي به الأمر مستلقيا في بعض البراري البعيدة "".
دو فو ، ""أغنية عربات الجيش"" ، حوالي 750 م
تقدم القصيدة دليلا على أي مما يلي فيما يتعلق بالعلاقات بين الجنسين في مجتمع تانغ؟
A.كانت العلاقات الكونفوشيوسية بين الزوج والزوجة لا تزال قوية في مجتمع تانغ.
B.أكدت النصوص الإمبراطورية على ولادة أبناء قادرين على البنات للوفاء بحصص التجنيد.
C.ويمكن تقاسم العمل الزراعي بين النساء والرجال على حد سواء.
D.تم عكس العلاقات بين الجنسين الصينية التقليدية في عهد الإمبراطورة وو تسه تيان.",c,"تقدم القصيدة دليلاً على أنه يمكن تقاسم العمل الزراعي بين النساء والرجال على حد سواء، حيث يُذكر في النص: ""حتى لو كانت الزوجات قويات بما يكفي للتعامل مع مجرفة ومحراث، تنمو المحاصيل في كل اتجاه، والحقول كلها في حالة من الفوضى."" هذا يشير إلى أن النساء كان لديهن دور في العمل الزراعي، وهو ما يتوافق مع الخيار (c).",true
"من المرجح أن يتم تمرير الضريبة المفروضة على المورد إلى المستهلك في شكل زيادة في الأسعار إذا
A.مرونة سعر الطلب مرنة للغاية.
B.مرونة سعر الطلب غير مرنة للغاية.
C.مرونة سعر الطلب مرنة وحدة.
D.مرونة الأجور للطلب مرنة للغاية.",b,"b. مرونة سعر الطلب غير مرنة للغاية.

عندما تكون مرونة سعر الطلب غير مرنة للغاية، فهذا يعني أن الطلب على المنتج لا يتأثر كثيرًا بتغيرات السعر. في هذه الحالة، يمكن للموردين أو البائعين تمرير تكلفة الضريبة إلى المستهلكين عن طريق زيادة الأسعار دون الخوف من انخفاض كبير في الكمية المطلوبة.",true
"لماذا يعارض بارفيت المساواة؟
A.يجادل بأن المجتمع غير المتكافئ أمر لا مفر منه.
B.ويدعي أنه من خلال إعطاء الأولوية لاحتياجات الفقراء ، يمكننا زيادة المساواة.
C.ويؤكد أن كل منا مسؤول عن فقرنا.
D.إنه يرفض فكرة المساواة تماما.",b,"a. يجادل بأن المجتمع غير المتكافئ أمر لا مفر منه.

الخيار a هو الأقرب لموقف ديريك بارفيت، لكن يجب التوضيح أن بارفيت، كفيلسوف أخلاقي، يتناول مسائل معقدة حول الهوية الشخصية، الأخلاق، والمستقبل البعيد. وعلى الرغم من أنه لم يركز بشكل مباشر على المساواة كموضوع رئيسي في أعماله، إلا أن تحليلاته ونظرياته يمكن أن تُطبق على النقاشات حول المساواة والعدالة. الخيارات الأخرى لا تعكس بدقة مواقفه المعروفة.",false
"الاقتصاد في حالة ركود عميق. بالنظر إلى هذا الوضع الاقتصادي ، أي من العبارات التالية حول السياسة النقدية دقيقة؟
A.ولن تؤدي السياسة التوسعية إلا إلى تفاقم الركود.
B.تزيد السياسة التوسعية بشكل كبير من الطلب الكلي إذا كان الاستثمار حساسا للتغيرات في سعر الفائدة.
C.السياسة الانكماشية هي الحافز المناسب للاستثمار والاستهلاك.
D.إذا كان الطلب على المال مرنا تماما ، فقد تكون السياسة النقدية التوسعية فعالة للغاية.",b,"b. تزيد السياسة التوسعية بشكل كبير من الطلب الكلي إذا كان الاستثمار حساسا للتغيرات في سعر الفائدة.

هذه العبارة دقيقة لأن السياسة النقدية التوسعية، التي تشمل خفض أسعار الفائدة وزيادة العرض النقدي، تهدف إلى تحفيز الاقتصاد من خلال تشجيع الإنفاق والاستثمار. عندما يكون الاستثمار حساسًا للتغيرات في سعر الفائدة، فإن خفض أسعار الفائدة يمكن أن يؤدي إلى زيادة كبيرة في الاستثمار، مما يزيد الطلب الكلي ويساعد في التغلب على الركود.",true
"أي من الآتي من المرجح أن ينتج نموا اقتصاديا أقوى بمرور الوقت؟
A.استهلاك أسرع للموارد الطبيعية.
B.ارتفاع معدلات الأمية بين الكبار.
C.انخفاض مخزون السلع الرأسمالية.
D.الإعفاءات الضريبية للاستثمار.",d,"d. الإعفاءات الضريبية للاستثمار.

الإعفاءات الضريبية للاستثمار تشجع الشركات والأفراد على زيادة الاستثمار في الأعمال والمشاريع، مما يؤدي إلى تحفيز النمو الاقتصادي. الاستثمار يمكن أن يؤدي إلى توسع الشركات، خلق فرص عمل جديدة، وتحسين الإنتاجية، مما يساهم في نمو اقتصادي أقوى بمرور الوقت.",true
"البيان 1 | في مجموعة (ab)^{-2} = b^{-2}a^{-2}. البيان 2 | في مجموعة (ab)^n = a^nb^n.
A.صحيح، صحيح
B.خطأ, خطأ
C.صواب، خطأ
D.خطأ، صحيح",b,"c. صواب، خطأ

البيان 1 صحيح لأنه في الجبر، عندما نأخذ العكس الضربي لجداء عنصرين، فإن النتيجة تكون عكس الجداء بتبديل ترتيب العناصر. أي أن (ab)^{-2} = (a^{-1}b^{-1})^2 = a^{-2}b^{-2}، ولكن بما أن السؤال يقول b^{-2}a^{-2}، فهذا يعتمد على خاصية التبديلية في الضرب، والتي قد لا تنطبق في كل الجموعات. ولكن بناءً على الفهم العام والتفسير المباشر للسؤال، يمكن اعتبار البيان صحيحاً في سياق الأعداد الحقيقية والمركبة.

البيان 2 خطأ لأنه لا ينطبق عموماً في جميع الحالات. في الجبر، (ab)^n = a^nb^n صحيح فقط إذا كان a و b يتبادلان الضرب (أي ab=ba). في الجبر غير التبادلي، مثل الجبر على مجموعات معينة أو في الجبر الخطي (مثل العمل مع المصفوفات)، هذه الخاصية لا تنطبق.",true
"الكفاءة الكمية لكاشف الفوتون هي 0.1. إذا تم إرسال 100 فوتون إلى الكاشف ، واحدا تلو الآخر ، فسوف يكتشف الكاشف الفوتونات
A.بمعدل 10 مرات ، مع انحراف RMS يبلغ حوالي 4
B.بمعدل 10 مرات ، مع انحراف RMS حوالي 3
C.بمعدل 10 مرات ، مع انحراف RMS يبلغ حوالي 1
D.بمعدل 10 مرات ، مع انحراف RMS يبلغ حوالي 0.1",b,"الكفاءة الكمية لكاشف الفوتون تعني نسبة الفوتونات التي يمكن للكاشف اكتشافها من إجمالي الفوتونات المرسلة إليه. بكفاءة كمية تبلغ 0.1، يمكن للكاشف اكتشاف 10% من الفوتونات المرسلة إليه.

إذا تم إرسال 100 فوتون إلى الكاشف، فإن الكاشف سيكتشف 10% منها، أي 10 فوتونات.

لحساب الانحراف المعياري (rms) لعدد الفوتونات المكتشفة، نستخدم الصيغة الخاصة بالانحراف المعياري لتوزيع برنولي، والتي تعطى بالعلاقة:

\[ \sigma = \sqrt{np(1-p)} \]

حيث:
- \( \sigma \) هو الانحراف المعياري (rms).
- \( n \) هو العدد الإجمالي للفوتونات المرسلة.
- \( p \) هو احتمال اكتشاف فوتون (الكفاءة الكمية للكاشف).

بتعويض القيم:
- \( n = 100 \)
- \( p = 0.1 \)

\[ \sigma = \sqrt{100 \times 0.1 \times (1-0.1)} \]
\[ \sigma = \sqrt{100 \times 0.1 \times 0.9} \]
\[ \sigma = \sqrt{9} \]
\[ \sigma = 3 \]

إذًا، الخيار الصحيح هو:
b. بمعدل 10 مرات، مع انحراف rms حوالي 3",true
"أثبت بحث Garcia و Koelling فيما يتعلق بالنفور المكتسب أن أي من أزواج UCS و CS التالية هي الأقوى والأكثر تعلما بسرعة؟
A.أداء مهمة والحصول على مكافأة غذائية
B.الغثيان والطعام أو الشراب
C.الحركة والصدمة
D.العقوبات والمكافآت",b,"البحث الذي أجراه garcia و koelling يتعلق بمفهوم النفور المكتسب، وقد أظهرت نتائجه أن بعض الاقترانات بين المثيرات الشرطية (cs) وغير الشرطية (ucs) تُتعلم بشكل أسرع وأقوى من غيرها، خاصةً عندما تكون هذه الاقترانات متسقة مع تطور الأنواع واستراتيجيات البقاء على قيد الحياة.

الخيار الأقوى والأكثر تعلماً بسرعة من بين الخيارات المذكورة هو:

b. الغثيان والطعام أو الشراب

هذا النوع من التعلم يُعرف بالنفور المكتسب من الطعام، حيث يتعلم الكائن الحي أن يربط بين طعم معين (المثير الشرطي) والشعور بالمرض (المثير غير الشرطي)، مما يؤدي إلى تجنب هذا الطعم في المستقبل. هذا النوع من التعلم يُظهر كيف يمكن للتجارب السلبية المتعلقة بالطعام أن تؤثر بشكل كبير ودائم على سلوكيات الأكل. garcia و koelling وجدا أن هذا النوع من التعلم يحدث بسرعة كبيرة، غالبًا بعد تجربة واحدة فقط، ويمكن أن يستمر لفترة طويلة، مما يدل على أهميته في سياق البقاء وتجنب السموم.",true
"حقيقة أن تردد امتصاص الأشعة تحت الحمراء لكلوريد الديوتيريوم (DCl) قد تحول من تردد كلوريد الهيدروجين (HCl) يرجع إلى الاختلافات في
A.توزيع الإلكترون
B.لحظة ثنائي القطب
C.ثابت القوة
D.انخفاض الكتلة",d,"الجواب هو c. ثابت القوة

السبب وراء تحول تردد امتصاص الأشعة تحت الحمراء لكلوريد الديوتيريوم (dcl) مقارنة بكلوريد الهيدروجين (hcl) يعود إلى الاختلاف في كتل الذرات المكونة للجزيئين، وليس بسبب اختلاف في ثابت القوة. ثابت القوة للرابطة بين الذرات في كل من hcl وdcl يظل ثابتًا لأن نوع الرابطة لم يتغير. الاختلاف الرئيسي يكمن في كتلة الديوتيريوم (d)، وهي ضعف كتلة الهيدروجين (h). هذا يؤثر على الكتلة المخفضة للجزيء، والتي بدورها تؤثر على تردد الاهتزاز للجزيء. وفقًا لمعادلة تردد الاهتزاز، فإن زيادة الكتلة تؤدي إلى انخفاض في التردد. لذلك، الاختلاف في الكتلة هو السبب الرئيسي وراء تحول تردد الامتصاص، وليس ثابت القوة.

لذا، يبدو أن هناك خطأ في صياغة السؤال أو الإجابات المقدمة. الاختلاف في تردد الامتصاص بين hcl وdcl يعود بالفعل إلى الاختلاف في الكتلة (انخفاض الكتلة) وليس إلى ثابت القوة. الإجابة الأكثر دقة يجب أن تكون مرتبطة بالكتلة، ولكن بناءً على الخيارات المقدمة، ""ثابت القوة"" تم اختياره كإجابة وفقًا للسياق المقدم، وهو ما يمثل سوء فهم للمفهوم.",false
"أوجد طول المنحنى y = ln x بين النقطتين حيث y = 1/2 و y = 1.
A.0.53
B.0.86
C.1.18
D.1.36",c,"لإيجاد طول المنحنى \(y = \ln(x)\) بين نقطتين حيث \(y = \frac{1}{2}\) و \(y = 1\), نحتاج أولاً إلى تحديد النقاط على المحور \(x\) التي تتوافق مع هذه القيم لـ \(y\).

عند \(y = \frac{1}{2}\), لدينا:
\[y = \ln(x) \rightarrow \frac{1}{2} = \ln(x) \rightarrow x = e^{\frac{1}{2}}\]

عند \(y = 1\), لدينا:
\[y = \ln(x) \rightarrow 1 = \ln(x) \rightarrow x = e^1 = e\]

الآن، لإيجاد طول المنحنى بين هذين النقطتين، نستخدم الصيغة:
\[l = \int_{a}^{b} \sqrt{1 + \left(\frac{dy}{dx}\right)^2} dx\]

حيث \(a = e^{\frac{1}{2}}\) و \(b = e\), و \(\frac{dy}{dx}\) هو مشتق \(y = \ln(x)\), والذي يساوي \(\frac{1}{x}\).

إذاً،
\[l = \int_{e^{\frac{1}{2}}}^{e} \sqrt{1 + \left(\frac{1}{x}\right)^2} dx\]

\[= \int_{e^{\frac{1}{2}}}^{e} \sqrt{1 + \frac{1}{x^2}} dx\]

\[= \int_{e^{\frac{1}{2}}}^{e} \sqrt{\frac{x^2 + 1}{x^2}} dx\]

\[= \int_{e^{\frac{1}{2}}}^{e} \frac{\sqrt{x^2 + 1}}{x} dx\]

هذا التكامل يمكن حله باستخدام تقنيات التكامل الأساسية، لكنه يتطلب عادةً تعويضًا مثل \(x = \sinh(t)\) حيث \(\sinh(t)\) هو الجيب الزائدي، لكن لتبسيط الأمور، سنقوم بحساب النتيجة مباشرةً (مع العلم أن الحل الدقيق يتطلب بعض الخطوات الإضافية للتكامل):

\[l \approx 1.18\]

إذاً، الخيار الصحيح هو:
c. 1.18",true
"في المستوى xy ، الرسم البياني ل x ^ (log y) = y ^ log x هو
A.الربع الأول المفتوح
B.منحنى مغلق
C.شعاع في الربع الأول المفتوح
D.نقطة واحدة",a,"لحل هذه المسألة، دعونا نبدأ بتحليل المعادلة \(x^{\log y} = y^{\log x}\).

أولاً، نلاحظ أنه يمكننا استخدام خاصية الأسس واللوغاريتمات لإعادة كتابة المعادلة. تذكر أن \(a^{\log_b c} = c^{\log_b a}\)، وهذا يعني أن الجانبين متساويان بالفعل بناءً على خصائص الأسس واللوغاريتمات.

لكن لنقم بتبسيط المعادلة بطريقة أخرى لتوضيح الحل. نعلم أن \(\log a^b = b \log a\). لذلك، يمكننا كتابة المعادلة على النحو التالي:

\[x^{\log y} = y^{\log x}\]

لنأخذ اللوغاريتم الطبيعي (أو أي قاعدة لوغاريتم أخرى، لكن الطبيعي هو الأكثر شيوعًا) لكلا الجانبين:

\[\log(x^{\log y}) = \log(y^{\log x})\]

باستخدام خاصية اللوغاريتم التي تقول \(\log a^b = b \log a\)، نحصل على:

\[\log y \cdot \log x = \log x \cdot \log y\]

هذه المعادلة صحيحة دائمًا لأي \(x > 0\) و \(y > 0\) (لأن اللوغاريتمات لا تُعرف للأعداد السالبة أو الصفر). هذا يعني أن المعادلة الأصلية لا تحدد منحنى معين أو نقطة معينة، بل تكون صحيحة لأي نقطة في الربع الأول من المستوى \(xy\) حيث كلا من \(x\) و \(y\) أكبر من الصفر.

إذاً، الإجابة الصحيحة هي:

a. الربع الأول المفتوح",true
"كتب مبرمج البرنامج أدناه. يستخدم البرنامج قائمة من الأرقام تسمى numList. يهدف البرنامج إلى عرض مجموع الأرقام في القائمة.
 مجموع ← قائمة [1]
 لكل قيمة في قائمة الأرقام
 المجموع ← المجموع + القيمة
 مجموع العرض
 من أجل اختبار البرنامج ، يقوم المبرمج بتهيئة numList إلى [0 ، 1 ، 4 ، 5]. يعرض البرنامج 10 ، ويخلص المبرمج إلى أن البرنامج يعمل على النحو المنشود. أي من الآتي صواب؟
A.الاستنتاج صحيح. يعمل البرنامج على النحو المنشود.
B.الاستنتاج غير صحيح. لا يعرض البرنامج القيمة الصحيحة لحالة الاختبار [0 ، 1 ، 4 ، 5].
C.الاستنتاج غير صحيح. استخدام حالة الاختبار [0 ، 1 ، 4 ، 5] لا يكفي لاستنتاج صحة البرنامج.
D.الاستنتاج غير صحيح. يؤكد استخدام حالة الاختبار [0 ، 1 ، 4 ، 5] فقط أن البرنامج يعمل مع القوائم بترتيب تصاعدي.",c,"b. الاستنتاج غير صحيح. لا يعرض البرنامج القيمة الصحيحة لحالة الاختبار [0 ، 1 ، 4 ، 5].

السبب: يبدأ البرنامج بتعيين المجموع إلى العنصر الثاني في القائمة (بناءً على الوصف، يبدو أن هناك خطأ في الفهم حيث يُفترض أن يبدأ المجموع من العنصر الأول أو يُعيّن إلى 0 قبل بدء الجمع). ثم يضيف كل قيمة في القائمة إلى المجموع، بما في ذلك القيمة التي تم تعيينها أولاً كمجموع. إذا كانت النية هي جمع جميع القيم في القائمة، فإن البرنامج يحتوي على خطأ منطقي لأنه يبدأ بقيمة غير صفرية (إلا إذا كانت النية هي تجاهل العنصر الأول في القائمة، ولكن هذا لا يتوافق مع الهدف المذكور). بالنسبة لقائمة الاختبار [0, 1, 4, 5]، يجب أن يكون المجموع الصحيح هو 10 إذا تم جمع جميع الأرقام بدءًا من 0. ومع ذلك، يبدو أن هناك سوء فهم في الوصف حول كيفية بدء البرنامج وكيفية تعامله مع القائمة، مما يجعل الاستنتاج غير دقيق بناءً على المعلومات المقدمة.",true
"أي من مجموعات سلاسل البت التالية لا يمكن وصفها بتعبير عادي؟
A.جميع سلاسل البت التي يكون عدد الأصفار فيها من مضاعفات خمسة
B.تبدأ جميع سلاسل البت بصفر وتنتهي بواحد
C.جميع سلاسل البت بعدد زوجي من الأصفار
D.جميع سلاسل البت التي تحتوي على عدد أكبر من الأصفار",d,"التعبيرات العادية هي أداة قوية لوصف أنماط معينة في النصوص أو السلاسل الرمزية، لكن لها حدودها في التعبير عن بعض الأنماط المعقدة، خاصة تلك التي تتطلب معرفة بالسياق أو العد. دعونا ننظر إلى الخيارات المعطاة:

a. جميع سلاسل البت التي يكون عدد الأصفار فيها من مضاعفات خمسة: يمكن وصف هذا النمط بتعبير عادي. على سبيل المثال، يمكن استخدام تعبير مثل `(1*0{5})*1*` لوصف سلسلة تحتوي على مضاعفات خمسة من الأصفار، مع السماح بوجود أي عدد من الواحدات في أي مكان.

b. تبدأ جميع سلاسل البت بصفر وتنتهي بواحد: هذا النمط بسيط ويمكن وصفه بتعبير عادي مثل `0.*1`.

c. جميع سلاسل البت بعدد زوجي من الأصفار: يمكن وصف هذا النمط أيضًا بتعبير عادي. على سبيل المثال، يمكن استخدام تعبير مثل `(1*01*01*)*` للتعبير عن سلسلة تحتوي على عدد زوجي من الأصفار، حيث يتم تضمين كل صفر في زوج من الأصفار.

d. جميع سلاسل البت التي تحتوي على عدد أكبر من الأصفار: هذا النمط يتطلب مقارنة بين عدد الأصفار والواحدات في السلسلة، وهو ما يتجاوز قدرات التعبيرات العادية. التعبيرات العادية لا تستطيع العد أو المقارنة بين عددين متغيرين من الرموز ضمن السلسلة، لذا فإن هذا النمط لا يمكن وصفه بتعبير عادي.

إذًا، الإجابة هي d. جميع سلاسل البت التي تحتوي على عدد أكبر من الأصفار.",true
"بالانتقال بسرعة ابتدائية مقدارها 1.5 × 10 ^ 6 م / ث ، يدخل البروتون منطقة ذات مجال مغناطيسي ثابت مقدارها 1.5 T. إذا كان متجه السرعة الابتدائية للبروتون يجعل زاوية 30 درجة مع المجال المغناطيسي ، فاحسب سرعة البروتون 4 ثوان بعد دخول المجال المغناطيسي.
A.5.0 × 10^6 م/ث
B.7.5 × 10^6 م/ث
C.1.5 × 10^6 م/ث
D.3.0 × 10^6 م/ث",c,"لحساب سرعة البروتون بعد 4 ثوان من دخوله المجال المغناطيسي، يجب أولاً فهم كيف يؤثر المجال المغناطيسي على حركة البروتون. القوة التي يتعرض لها البروتون في المجال المغناطيسي تُعرف بقوة لورنتز وتعتمد على السرعة العمودية للبروتون على المجال المغناطيسي. هذه القوة لا تغير من مقدار السرعة ولكنها تغير اتجاهها فقط، مما يعني أن السرعة الكلية للبروتون تظل ثابتة ولكن اتجاهها يتغير.

معطيات المسألة:
- السرعة الابتدائية للبروتون \(v_0 = 1.5 \times 10^6 \, \text{م/ث}\)
- المجال المغناطيسي \(b = 1.5 \, \text{t}\)
- الزاوية بين السرعة الابتدائية والمجال المغناطيسي \(\theta = 30^\circ\)

السرعة الابتدائية للبروتون تتكون من مكونين:
1. مكون عمودي على المجال المغناطيسي: \(v_{\perp} = v_0 \sin(\theta)\)
2. مكون موازٍ للمجال المغناطيسي: \(v_{\parallel} = v_0 \cos(\theta)\)

المكون الموازي للمجال المغناطيسي (\(v_{\parallel}\)) لا يتأثر بالمجال المغناطيسي ويبقى ثابتًا، بينما المكون العمودي (\(v_{\perp}\)) يتسبب في حركة دائرية للبروتون بسبب قوة لورنتز.

لكن السؤال يطلب سرعة البروتون بعد 4 ثوان، ومن المهم ملاحظة أن السرعة الكلية للبروتون (مقدار السرعة) لا تتغير بسبب المجال المغناطيسي، لأن القوة المغناطيسية تؤثر على الاتجاه فقط وليس على مقدار السرعة.

إذًا، سرعة البروتون بعد 4 ثوان من دخول المجال المغناطيسي تظل كما هي، \(1.5 \times 10^6 \, \text{م/ث}\).

الإجابة هي:
c. \(1.5 \times 10^6 \, \text{م/ث}\)",true
"لأي من هذين السيناريوهين تفعل الشخصية الرئيسية (التي تستخدم أنا / أنا / بلدي) شيئا خاطئا أخلاقيا بشكل واضح ، وفقا للمعايير الأخلاقية العادية في الولايات المتحدة اعتبارا من عام 2020؟ السيناريو 1 | ركضت فوق السجادة الطازجة مع جزازة العشب. السيناريو 2 | تبولت في يدي حتى أتمكن من اختباره بحثا عن العدوى.
A.خطأ، خطأ
B.خطأ، ليس خطأ
C.ليس خطأ ، خطأ
D.ليس خطأ، ليس خطأ",a,b. خطأ، ليس خطأ,false
"لأي من هذين السيناريوهين تفعل الشخصية الرئيسية (التي تستخدم أنا / أنا / بلدي) شيئا خاطئا أخلاقيا بشكل واضح ، وفقا للمعايير الأخلاقية العادية في الولايات المتحدة اعتبارا من عام 2020؟ السيناريو 1 | لقد انتقد فترات الراحة الخاصة بي لأفوت الكرة عندما دخلت إلى الطريق. السيناريو 2 | علمت أطفالي العزف على الإكسيليفون.
A.خطأ، خطأ
B.خطأ، ليس خطأ
C.ليس خطأ ، خطأ
D.ليس خطأ، ليس خطأ",d,b. خطأ، ليس خطأ,false
"لأي من هذين السيناريوهين تفعل الشخصية الرئيسية (التي تستخدم أنا / أنا / بلدي) شيئا خاطئا أخلاقيا بشكل واضح ، وفقا للمعايير الأخلاقية العادية في الولايات المتحدة اعتبارا من عام 2020؟ السيناريو 1 | أحاول أحيانا قول الحقيقة ، ما لم يوقعني ذلك في مشكلة. السيناريو 2 | قبلت صديقتي في العرض السحري.
A.خطأ، خطأ
B.خطأ، ليس خطأ
C.ليس خطأ ، خطأ
D.ليس خطأ، ليس خطأ",b,b. خطأ، ليس خطأ,true
"لأي من هذين السيناريوهين تفعل الشخصية الرئيسية (التي تستخدم أنا / أنا / بلدي) شيئا خاطئا أخلاقيا بشكل واضح ، وفقا للمعايير الأخلاقية العادية في الولايات المتحدة اعتبارا من عام 2020؟ السيناريو 1 | بينما كان والداي نائمين ، ذهبت للركض. السيناريو 2 | سكبت المنظفات في الغسالة المليئة بملابس زميلي في السكن.
A.خطأ، خطأ
B.خطأ، ليس خطأ
C.ليس خطأ ، خطأ
D.ليس خطأ، ليس خطأ",d,c. ليس خطأ ، خطأ,false
"يدعي ناجل أن مشكلة الحظ الأخلاقي ترتبط ارتباطا وثيقا بمشكلة:
A.وجود الله.
B.حرية الإرادة.
C.الأنانية النفسية.
D.المسلمات.",b,b. حرية الإرادة.,true
"الطفرات هي أخطاء في الحمض النووي التي:
A.دائما ضارة.
B.تحدث فقط في وجود المواد المسرطنة.
C.زيادة نمو الورم.
D.تحدث تلقائيا بمعدل منخفض.",d,d. تحدث تلقائيا بمعدل منخفض.,true
"الحضارة النوبية:
A.سبقت وحفزت صعود الثقافة المصرية.
B.كان نتيجة استعمار بلاد ما بين النهرين في الجنوب.
C.تم تطويره استجابة للثقافة المصرية ولكن ليس تقليدا.
D.لم يكن لديه اتصالات مع الثقافات المجاورة.",c,a. سبقت وحفزت صعود الثقافة المصرية.,false
"لأي من هذين السيناريوهين تفعل الشخصية الرئيسية (التي تستخدم أنا / أنا / بلدي) شيئا خاطئا أخلاقيا بشكل واضح ، وفقا للمعايير الأخلاقية العادية في الولايات المتحدة اعتبارا من عام 2020؟ السيناريو 1 | رأيت إلتون جون الشهير خارج ساحة الحفلات الموسيقية والتقطت صورة له دون أن أسأله. السيناريو 2 | أبلغت عن حارس آخر يتسلل بالمخدرات إلى السجن ويبيعها للسجناء.
A.خطأ، خطأ
B.خطأ، ليس خطأ
C.ليس خطأ ، خطأ
D.ليس خطأ، ليس خطأ",d,b. خطأ، ليس خطأ,false
"تتضمن أوجه تكيف النباتات لتقليل فقد الماء في البيئات ذات درجات الحرارة المرتفعة أيا مما يلي؟
A.العديد من الثغور
B.بشرة رقيقة
C.العمود الفقري بدلا من الأوراق
D.نسب كبيرة من السطح إلى الحجم",c,"c. العمود الفقري بدلا من الأوراق

هذا الخيار يشير إلى تكيف النباتات الصحراوية مثل الصبار، حيث تتحول الأوراق إلى أشواك (العمود الفقري) لتقليل مساحة السطح المعرضة للشمس وبالتالي تقليل فقد الماء عبر النتح.",true
"لأي من هذين السيناريوهين تفعل الشخصية الرئيسية (التي تستخدم أنا / أنا / بلدي) شيئا خاطئا أخلاقيا بشكل واضح ، وفقا للمعايير الأخلاقية العادية في الولايات المتحدة اعتبارا من عام 2020؟ السيناريو 1 | عندما تعطل فريزر مطعمي ، قدمت اللحم الدافئ على الرغم من أنني كنت أعرف أنه غير آمن للغاية. السيناريو 2 | قررت أن أشعل حريقا في الغابة.
A.خطأ، خطأ
B.خطأ، ليس خطأ
C.ليس خطأ ، خطأ
D.ليس خطأ، ليس خطأ",a,a.خطأ، خطأ,true
"أي مما يلي هو آخر ما يشغله البشر؟
A.غينيا الجديدة
B.أستراليا
C.نيوزيلندا
D.تيمور",c,"c. نيوزيلندا

نيوزيلندا تعتبر من آخر المناطق التي استوطنها البشر. يُعتقد أن البشر وصلوا إلى نيوزيلندا في حوالي القرن الـ13 الميلادي، مما يجعلها واحدة من آخر الأماكن الكبيرة على الأرض التي تم استيطانها بشكل دائم من قبل البشر.",true
"وفقا لسينغر ، يتطلب الامتثال لمبدأه:
A.تغييرات متواضعة في عاداتنا الشخصية ، ولكن ليس لمجتمعنا ككل.
B.تغييرات متواضعة في عاداتنا الشخصية ، وكذلك في المجتمع.
C.تغييرات جذرية في عاداتنا الشخصية ، ولكن ليس في مجتمعنا.
D.تغييرات جذرية في كل من عاداتنا الشخصية ومجتمعنا.",d,"d. تغييرات جذرية في كل من عاداتنا الشخصية ومجتمعنا.

بيتر سينغر، الفيلسوف الأخلاقي الأسترالي، يُعرف بتأكيده على الحاجة إلى تغييرات جذرية في كيفية تفكيرنا وتصرفنا تجاه القضايا الأخلاقية، بما في ذلك العدالة الاجتماعية وحقوق الحيوان. يرى سينغر أن الامتثال لمبادئه يتطلب تغييرات جوهرية ليس فقط على المستوى الشخصي ولكن أيضًا على مستوى المجتمع ككل.",true
"المرشح المكتوب هو أمريكي مكسيكي ويرى أنه يحتاج إلى إقبال كبير من الناخبين المكسيكيين من أجل الفوز في الانتخابات. ونتيجة لذلك، قرر مدير حملته أن يرسل بالبريد إلى كل ناخب مكسيكي مسجل ملصقا يحمل اسم المرشح والمنصب الذي يترشح له. نظرا لأن العديد من المكسيكيين الأصليين لا يتقنون القراءة والكتابة باللغة الإنجليزية ، يعتقد مدير الحملة أن العديد من الناخبين سيجدون صعوبة في كتابة اسم المرشح ومكتبه على بطاقة الاقتراع. ونتيجة لذلك، شن مدير الحملة حملة إعلامية واسعة النطاق لإعلام الناخبين بكيفية وضع الملصقات على بطاقة الاقتراع. قبل خمسة أشهر من الانتخابات ، يخطر مسؤول الانتخابات لجنة حملة المرشح بأن ملصقات المسيل للدموع لا تتوافق مع قانون الولاية. في رسالتها ، أوضحت المسؤولة أن مسؤولي الانتخابات في الولاية يرون أنه من الضروري للناخبين المحتملين كتابة اسم المرشح بالحبر. لذلك ، تخلص إلى أن الملصقات لا تمتثل للمتطلبات القانونية. بعد ثلاثة أسابيع ، رفع المرشح دعوى في محكمة المقاطعة الفيدرالية ضد مسؤولي الانتخابات في الولاية مدعيا أن تفسيرهم لقانون الولاية ينتهك دستور الولايات المتحدة. أي مما يلي ، إذا تم إثباته ، يقدم أقوى حجة دستورية تدعم تفسير مسؤول الانتخابات للنظام الأساسي؟
A.كانت نسبة إقبال الناخبين بين الناخبين الأمريكيين المكسيكيين المسجلين الذين يفتقرون إلى الكفاءة في اللغة الإنجليزية أقل من 1٪ من إجمالي الولاية بأكملها في الانتخابات الأخيرة.
B.يتطلب قانون الولاية أن يكون كل كشك اقتراع مجهزا بقلم حبر لتسهيل كتابة الأصوات.
C.وبما أن الأعداد الكبيرة من الأصوات المكتوبة تزيد عموما من الوقت اللازم لعد جميع الأصوات، فمن الضروري الإدلاء بهذه الأصوات بطريقة موحدة.
D.إن احتمال تزوير التصويت أكبر بكثير مع الملصقات المطبوعة مسبقا.",d,"d. إن احتمال تزوير التصويت أكبر بكثير مع الملصقات المطبوعة مسبقا.

هذا الخيار يقدم أقوى حجة دستورية لأنه يتعلق مباشرة بالحفاظ على سلامة العملية الانتخابية، وهو مبدأ أساسي في النظام الديمقراطي. الحجة هنا تستند إلى الحاجة إلى منع التزوير وضمان أن كل صوت معبر عنه بشكل قانوني وصحيح، وهو ما يتماشى مع الأهداف الدستورية للحفاظ على نزاهة الانتخابات.",true
" وفقا لنوسباوم ، فإن معاملة شخص ما كشيء هو
A.كافية للتشييء الجنسي.
B.ضروري للتشييء الجنسي.
C.ليس ضروريا للتشييء الجنسي.
D.كل ما سبق.",c,"b. ضروري للتشييء الجنسي.

مارثا نوسباوم تعتبر أن معاملة شخص ما كشيء هو عنصر ضروري للتشييء الجنسي، ولكنها توضح أيضًا أن هذا وحده قد لا يكون كافيًا لتحديد حالة كتشييء جنسي. تشييء الجنسي يتضمن عدة أبعاد أخرى بالإضافة إلى معاملة الشخص كشيء، مثل القابلية للاستبدال، اللامبالاة تجاه الخبرات والمشاعر، والانتهاك للحكم الذاتي.",false
"أي من الآتي ينطبق على قصور الغدة الدرقية؟
A.فقدان الوزن
B.وذمة مخاطية ما قبل الظنبوب
C.ارتفاع مستوى TSH
D.النفور من الأماكن الدافئة",c,"c. ارتفاع مستوى tsh

قصور الغدة الدرقية يتميز بانخفاض إنتاج هرمونات الغدة الدرقية، مما يؤدي إلى ارتفاع مستوى هرمون الغدة الدرقية المحفز (tsh) في محاولة لتحفيز الغدة الدرقية على إنتاج المزيد من هرموناتها.",true
"يتعين على الجهة الحكومية تضمين قائمة التدفقات النقدية في أي من البيانات المالية التالية؟
A.البيانات المالية للصندوق الحكومي.
B.البيانات المالية على مستوى الحكومة.
C.البيانات المالية لصندوق الملكية.
D.البيانات المالية للصندوق الائتماني.",c,"b. البيانات المالية على مستوى الحكومة.

تعتبر قائمة التدفقات النقدية جزءاً أساسياً من البيانات المالية على مستوى الحكومة ككل، حيث توفر نظرة شاملة على كيفية توليد واستخدام النقد وما يعادله من قبل الحكومة خلال فترة محددة. تساعد هذه القائمة في تقييم قدرة الحكومة على توليد النقد وتمويل أنشطتها والتزاماتها، بالإضافة إلى توفير معلومات حول التغيرات في صافي الأصول النقدية.",false
"تمتلك شركة إسكان قطعة أرض. أعدت شركة الإسكان خطة تطوير لتقسيم الأرض إلى 100 قطعة وإنشاء مجتمع سكني على المسالك. أنشأ إعلان العهود جمعية مالكي المنازل ، وهي كيان إداري يدير وينفذ اللوائح والقيود المنصوص عليها بين العهود. ينص أحد القيود المنصوص عليها في إعلان العهود على ما يلي: ""لا يجوز أبدا في أي وقت إقامة أو السماح أو الاحتفاظ بأي هيكل مصمم أو يستخدم كصالون أو مكان لبيع أو تصنيع المشروبات الكحولية أو الروحية في أي جزء من الممتلكات. "" تم تسجيل إعلان العهود على النحو الواجب وتم تضمينه في الصك الذي اتخذه المعلم عندما اشترى القطعة 62 في التطوير. سجل المعلم على الفور فعله. استأجر المعلم منزله لأمين مكتبة لمدة عام واحد. وتضمن عقد الإيجار نفس القيود الواردة في إعلان العهود وفي صك المعلم. بدأ أمين المكتبة على الفور في بيع الخمور في المبنى خلال حفلات ""بعد ساعات"" الأسبوعية. تقاضي جمعية مالكي المنازل أمين المكتبة في دعوى للحصول على تعويضات. أي مما يلي هو أفضل حجة لأمين المكتبة؟
A.القاعدة في قضية سبنسر تمنع أمين المكتبة من أن يكون مسؤولا.
B.أمين المكتبة ليس متعاقدا مع جمعية مالكي المنازل.
C.أمين المكتبة ليس في خصوصية مع المعلم.
D.تستخدم القطع الأخرى في المنطقة المجاورة مباشرة لأغراض تجارية.",b,"b. أمين المكتبة ليس متعاقدا مع جمعية مالكي المنازل.

هذه الحجة تعتبر الأفضل لأمين المكتبة لأنها تشير إلى أنه لم يوقع على أي اتفاقية مباشرة مع جمعية مالكي المنازل التي تفرض القيود المذكورة. على الرغم من أن القيود تم تضمينها في عقد الإيجار الذي وقعه مع المعلم، إلا أن علاقته القانونية المباشرة بجمعية مالكي المنازل قد تكون محدودة، مما يجعل هذه الحجة قوية في الدفاع عن نفسه ضد الدعوى.",true
" في مناقشته للتمييز في الحرب ، يقترح فالس أن
A.لا يوجد فرق بين المقاتلين وغير المقاتلين.
B.الفرق بين المقاتلين وغير المقاتلين هو مسألة درجة.
C.الفرق بين المقاتلين وغير المقاتلين قاطع وواضح.
D.وينبغي تعريف ""الإرهاب"" بأنه العنف العشوائي.",b,"c. الفرق بين المقاتلين وغير المقاتلين قاطع وواضح.

في النقاشات حول الأخلاقيات في الحرب، يُعتبر التمييز بين المقاتلين وغير المقاتلين مبدأ أساسياً. هذا المبدأ يقوم على الفكرة القائلة بأنه يجب دائماً التفريق بين الأشخاص الذين يشاركون بنشاط في الأعمال القتالية وأولئك الذين لا يشاركون، حيث يُمنع استهداف الأخيرين. الفكرة هنا هي أن هناك خطاً واضحاً وقاطعاً يفصل بين المجموعتين، مما يساعد في حماية المدنيين وغير المشاركين في القتال من الأذى.",false
"هذه الولاية القضائية لديها القانون الجنائي التالي ساري المفعول:""لا يكون الشخص مسؤولا عن السلوك الإجرامي إذا كان في وقت ارتكاب هذا السلوك ، نتيجة لمرض أو عيب عقلي ، يفتقر إلى قدرة كبيرة على تقدير عدم مشروعية سلوكه ، أو لمطابقة سلوكه مع متطلبات القانون "". بعد ظهر أحد الأيام ، كان المدعى عليه يرعى ابن أخيه البالغ من العمر خمس سنوات. بينما كانوا يلعبون الصيد في الخارج ، ألقى المدعى عليه الكرة فوق رأس ابن أخيه ، وتدحرجت إلى الشارع. غريزيا ، ركض ابن الأخ وراء الكرة لكنه تعثر فوق الحضيض وسقط في الشارع. عندما تعثر ، أصيب ابن أخيه بالتواء شديد في كاحله ولم يستطع الوقوف. بعد لحظات، كانت شاحنة قمامة كبيرة تتراجع ودهست ابن أخيه، فقتلته. على الرغم من أن المدعى عليه رأى مأزق ابن أخيه ، إلا أنه لم يبذل أي جهد لإنقاذه. وفي وقت لاحق، وجهت إلى المدعى عليه تهمة القتل غير العمد. في المحاكمة ، شهد المدعى عليه أنه صدم للغاية عندما رأى ابن أخيه يسقط بالقرب من شاحنة القمامة لدرجة أنه تجمد ولم يتمكن من الحركة إلا بعد فوات الأوان. بعد شهادة المدعى عليه ، شهد شاهد خبير للدفاع أن ردود الفعل من النوع الذي وصفه المدعى عليه ليست غير عادية عند وقوع حدث صادم حقا. إذا صدقت هيئة المحلفين شهادة المدعى عليه وشاهده الخبير ، فإن أفضل دفاع للمدعى عليه هو أي مما يلي؟
A.كان المدعى عليه يعاني من جنون مؤقت.
B.كان المدعى عليه يفتقر إلى الحالة العقلية المطلوبة لارتكاب الجريمة.
C.ولم يكن امتناع المدعى عليه عن التصرف طوعيا.
D.وحلت المسؤولية الجنائية للمدعى عليه محل مسؤولية سائق الشاحنة.",c,"c. ولم يكن امتناع المدعى عليه عن التصرف طوعيا.

الدفاع الأفضل في هذه الحالة هو أن امتناع المدعى عليه عن التصرف لم يكن طوعياً. وفقاً للوصف، المدعى عليه تجمد ولم يتمكن من الحركة بسبب الصدمة الشديدة التي تعرض لها عند رؤية ابن أخيه في مأزق خطير. هذا يعني أنه لم يكن لديه القدرة على اتخاذ قرار واعي بالتدخل أو الامتناع عن التدخل، مما يجعل تصرفه غير طوعي. الخيارات الأخرى لا تنطبق بشكل مباشر على الوضع الموصوف أو تتطلب عناصر لم يتم توفيرها في السيناريو.",true
"أي العبارات الآتية صواب من حيث صلتها بالتغيرات في التقديرات المحاسبية؟
A.يتم احتساب معظم التغييرات في التقديرات المحاسبية بأثر رجعي.
B.عندما يكون من المستحيل تحديد ما إذا كان قد حدث تغيير في تقدير أو تغيير في المبدأ المحاسبي ، ينبغي اعتبار التغيير تغييرا من حيث المبدأ.
C.عندما يكون من المستحيل تحديد ما إذا كان قد حدث تغيير في التقدير المحاسبي أو تغيير في المبدأ المحاسبي ، يجب اعتبار التغيير تغييرا في التقدير.
D.من الأسهل التمييز بين التغيير في التقدير المحاسبي والتغيير في مبدأ المحاسبة بدلا من التمييز بين التغيير في التقدير المحاسبي وتصحيح الخطأ.",c,"c. عندما يكون من المستحيل تحديد ما إذا كان قد حدث تغيير في التقدير المحاسبي أو تغيير في المبدأ المحاسبي ، يجب اعتبار التغيير تغييرا في التقدير.

هذه العبارة صحيحة وفقًا للمعايير المحاسبية الدولية. التغييرات في التقديرات المحاسبية تحدث نتيجة للحصول على معلومات جديدة أو مزيد من الخبرة ويتم الاعتراف بها بشكل تحوطي في الفترة الحالية والفترات المستقبلية المتأثرة فقط. بينما التغييرات في المبادئ المحاسبية تتطلب عادة تعديلًا بأثر رجعي للقوائم المالية لتعكس تطبيق المبدأ الجديد كما لو كان قد تم تطبيقه دائمًا. في حالات الشك، يُفضل اعتبار التغيير كتغيير في التقدير لتجنب الحاجة إلى إعادة تقديم القوائم المالية للسنوات السابقة.",true
"من أجل تشجيع الالتحاق بالكلية ، توفر الولاية إعفاء ضريبيا قدره 200 دولار لضرائب الولاية لأولئك الذين هم طلاب بدوام كامل في الكليات داخل الولاية. لا يزال يسمح للطالبات اللائي يحضرن نصف الوقت بإعفاء ضريبي قدره 100 دولار ، في حين لم يعد يسمح للطلاب الذكور الذين يحضرون نصف الوقت بأي إعفاء ضريبي. أي مما يلي يلخص بدقة القاعدة الصحيحة للقانون الدستوري فيما يتعلق بالإعفاء الضريبي للولاية للطلاب الذين يلتحقون بنصف الوقت؟
A.سيتم إبطال الإعفاء الضريبي باعتباره رفضا للإجراءات القانونية الواجبة.
B.سيتم إبطال الإعفاء الضريبي باعتباره انتهاكا لشرط الحماية المتساوية.
C.وسيتم التمسك بالتدبير الضريبي باعتباره ضمن مجال الإجراءات القانونية الواجبة.
D.سيتم التمسك بالتدبير الضريبي باعتباره ضمن سلطة البلدية لفرض ضرائب على فئات مختلفة من الأشخاص بشكل غير متساو.",b,"b. سيتم إبطال الإعفاء الضريبي باعتباره انتهاكا لشرط الحماية المتساوية.

التفسير: شرط الحماية المتساوية، المنصوص عليه في الدستور الأمريكي، يقضي بأن الدولة لا يمكن أن تنفذ القانون بطريقة تمييزية ضد فئة معينة من الأشخاص دون مبرر معقول. في هذه الحالة، يتم التمييز ضد الطلاب الذكور الذين يحضرون نصف الوقت بعدم السماح لهم بأي إعفاء ضريبي، بينما يُسمح للطالبات اللائي يحضرن نصف الوقت بإعفاء ضريبي قدره 100 دولار. هذا التمييز على أساس الجنس يشكل انتهاكا لشرط الحماية المتساوية لأنه لا يوجد مبرر معقول يبرر هذا التفريق بين الطلاب على أساس الجنس.",true
"يبلغ متوسط القيم المقدرة للمنازل في المدينة 125,000 دولار مع انحراف معياري قدره 23,000 دولار. بسبب عقد المعلمين الجديد ، تحتاج المنطقة التعليمية إلى 10٪ إضافية من الأموال مقارنة بالعام السابق. لجمع هذه الأموال الإضافية ، تطلب المدينة من مكتب التقييم رفع جميع قيم المنازل المقيمة بمقدار 5000 دولار. ماذا سيكون الانحراف المعياري الجديد للقيم المقدرة للمنازل في المدينة؟
A.23,000 ر.س. 
B.25300 ر.س. 
C.28,000 ر.س. 
D.30300 ر.س. ",a,"الانحراف المعياري هو مقياس لتشتت القيم حول المتوسط. عندما نضيف أو نطرح قيمة ثابتة من كل قيمة في مجموعة البيانات (مثل إضافة 5000 دولار إلى قيمة كل منزل)، فإن ذلك لا يؤثر على تشتت القيم حول المتوسط، أي لا يغير الانحراف المعياري. الانحراف المعياري يتأثر فقط بمدى تباعد القيم عن بعضها البعض، وليس بمقدار القيم نفسها.

لذلك، بعد إضافة 5000 دولار إلى قيمة كل منزل، سيظل الانحراف المعياري للقيم المقدرة للمنازل في المدينة كما هو، أي 23,000 دولار.

الجواب الصحيح هو:
a. 23,000 دولار.",true
"أدى إهمال سائق السيارة في القيادة إلى إصابة سائق آخر بجروح خطيرة. تم الاستشهاد بسائق السيارة للسفر في المسار الخطأ ودفع غرامة. كان لدى سائق السيارة حد بوليصة يبلغ 15,000 دولار فقط لمسؤولية الطرف الثالث في بوليصة التأمين الخاصة به. بعد تزويد شركة التأمين على السيارة بتقرير طبي كامل ، وجميع الفواتير الطبية ، والسجلات الطبية ، وغيرها من الأدلة المطلوبة للأضرار ، طالب المدعي المصاب بحدود البوليصة. وقدم صاحب المطالبة إشعارا بأنه سيتم تقديم مطالبة بسوء نية إذا لم يتم دفع حدود البوليصة على الفور. رفضت شركة التأمين الدفع دون تفسير. منحت هيئة محلفين المدعي المصاب 200,000 دولار. وحصل صاحب المطالبة المتضرر على تنازل موقع من سائق السيارة المهمل يعطي صاحب المطالبة أي حقوق قد تكون للسائق ضد شركة التأمين الخاصة به. هل من المحتمل أن تجبر المحكمة شركة التأمين على دفع كامل مبلغ حكم هيئة المحلفين للشخص المتضرر بموجب هذه الحقائق؟
A.الحد الأقصى للبوليصة هو 15000 دولار وهذا هو كل ما يمكن تحصيله من قبل الشخص المصاب لا يوجد إجراء لسوء النية في عقد التأمين.
B.أخلت شركة التأمين بالعهد الضمني لحسن النية والتعامل العادل الذي ينطوي عليه كل عقد تأمين ويجب أن تدفع كامل مبلغ الحكم.
C.سوء النية شخصي للطرف المؤمن عليه ومؤمنه كانت المهمة غير صالحة ، وليس للشخص المتضرر أي مطالبة بإجبار المؤمن على الدفع.
D.يجب على الطرف المتضرر تنفيذ حكمه بالكامل ضد سائق السيارة ولا يجوز له أبدا متابعة شركة التأمين مقابل هذا المبلغ.",c,"b. أخلت شركة التأمين بالعهد الضمني لحسن النية والتعامل العادل الذي ينطوي عليه كل عقد تأمين ويجب أن تدفع كامل مبلغ الحكم.

في العديد من الأنظمة القانونية، يُعتبر أن عقود التأمين تشمل العهد الضمني لحسن النية والتعامل العادل. هذا يعني أنه يُتوقع من شركات التأمين أن تتعامل مع المطالبات بشكل عادل وأن تدفع المطالبات المستحقة بدون تأخير غير مبرر. إذا فشلت شركة التأمين في القيام بذلك، وتصرفت بسوء نية عند رفض دفع المطالبة، فقد تكون مسؤولة ليس فقط عن حدود البوليصة ولكن أيضًا عن أضرار إضافية تتجاوز هذه الحدود. في هذه الحالة، إذا تم تحديد أن شركة التأمين قد أخلت بالعهد الضمني لحسن النية والتعامل العادل، فمن الممكن أن تجبر المحكمة شركة التأمين على دفع كامل مبلغ الحكم الذي منحته هيئة المحلفين للشخص المتضرر.",false
"أي العبارات الآتية صواب عن أيض الجلوكوز؟

A.الجلوكاجون يزيد من معدل تحلل السكر
B.يتطلب تحلل السكر NADP +
C.في تحلل الجلوكوز ، ينقسم الجلوكوز إلى ناتجين ثلاثي الكربون
D.المنتج النهائي لتحلل السكر في خلايا الدم الحمراء هو البيروفات",c,"العبارة الصحيحة هي:

c. في تحلل الجلوكوز ، ينقسم الجلوكوز إلى ناتجين ثلاثي الكربون

تحلل الجلوكوز، أو ما يُعرف بالتحلل السكري، هو عملية تحويل جزيء الجلوكوز، وهو سكر سداسي الكربون، إلى جزيئين من البيروفات، وكل منهما يحتوي على ثلاث ذرات كربون. هذه العملية تحدث في السيتوبلازم لجميع الخلايا الحية وتعتبر المرحلة الأولى لعدة مسارات تنفسية سواء كانت هوائية أو لاهوائية.

بالنسبة للخيارات الأخرى:

a. الجلوكاجون يزيد من معدل تحلل الجليكوجين إلى الجلوكوز في الكبد وليس تحلل السكر (الجلوكوز) مباشرة.

b. تحلل السكر يتطلب nad+ وليس nadp+. nad+ يعمل كمستقبل للإلكترونات في عملية التحلل السكري، حيث يتم تخفيضه إلى nadh.

d. المنتج النهائي لتحلل السكر في الظروف اللاهوائية (مثل خلايا الدم الحمراء التي لا تحتوي على ميتوكوندريا) هو اللاكتات وليس البيروفات. البيروفات يمكن أن يتحول إلى اللاكتات في الظروف اللاهوائية أو يدخل إلى الميتوكوندريا ليخضع لدورة حمض الستريك في الظروف الهوائية.",true
"زيادة استهلاك الحليب

A.تم الإبلاغ عن ارتباطه بارتفاع معدل الإصابة بالكسور وارتفاع معدل الوفيات في عدد قليل من الدراسات
B.خلال فترة البلوغ يبدو أنه يرتبط بارتفاع كثافة المعادن في العظام في وقت لاحق من الحياة
C.يرتبط باستمرار بانخفاض معدل الكسور
D.في البلدان التي لديها أعلى معدل للكسر يشير إلى أن استهلاك الحليب مفيد للهيكل العظمي.",a,"a. تم الإبلاغ عن ارتباطه بارتفاع معدل الإصابة بالكسور وارتفاع معدل الوفيات في عدد قليل من الدراسات

هذا البيان صحيح جزئيًا. بعض الدراسات وجدت ارتباطًا بين استهلاك الحليب المرتفع وزيادة معدل الكسور وارتفاع معدل الوفيات، لكن هذه النتائج ليست قاطعة وتحتاج إلى مزيد من البحث لتأكيدها.

b. خلال فترة البلوغ يبدو أنه يرتبط بارتفاع كثافة المعادن في العظام في وقت لاحق من الحياة

هذا البيان صحيح. العديد من الدراسات تشير إلى أن استهلاك الحليب ومنتجات الألبان خلال فترة البلوغ يمكن أن يساهم في زيادة كثافة المعادن في العظام، مما يقلل من خطر الإصابة بالكسور في وقت لاحق من الحياة.

c. يرتبط باستمرار بانخفاض معدل الكسور

هذا البيان مثير للجدل. بينما تشير بعض الدراسات إلى أن استهلاك الحليب قد يساعد في تقليل خطر الكسور، فإن دراسات أخرى لم تجد ارتباطًا واضحًا. العلاقة بين استهلاك الحليب ومعدل الكسور لا تزال موضوعًا للنقاش والبحث.

d. في البلدان التي لديها أعلى معدل للكسر يشير إلى أن استهلاك الحليب مفيد للهيكل العظمي.

هذا البيان يحتاج إلى توضيح. بينما يمكن أن يكون استهلاك الحليب مفيدًا للهيكل العظمي، فإن العلاقة بين استهلاك الحليب ومعدلات الكسور في البلدان المختلفة معقدة وتتأثر بعوامل عديدة بما في ذلك الجينات، نمط الحياة، والتغذية العامة. لذلك، لا يمكن القول ببساطة أن استهلاك الحليب يؤدي إلى تحسين صحة العظام في جميع السياقات.",true
"يشير مصطلح ""الفلفل الحار يخدع كارني"" إلى الفلفل الحار مع ماذا؟
A.الفول
B.لحم
C.جبن
D.الفلفل الحار",b,b. لحم,true
"أي النظريات الآتية تركز على كيفية إدارة المجتمع للقيام بالأنشطة اللازمة للحفاظ على النظام والاستقرار؟
A.الوظيفية
B.التفاعلية
C.نظرية الاختيار العقلاني
D.نظرية الصراع",a,a. الوظيفية,true
"تتكون رقائق الكمبيوتر الحديثة في المقام الأول من أي عنصر؟
A.صوديوم
B.سليكون
C.ألمنيوم
D.فضة",b,b. سليكون,true
"النائب العام هو رئيس أي من الكيانات التالية؟
A.اللجنة القضائية بمجلس الشيوخ
B.وزارة العدل
C.وزارة الخارجية
D.سلك القاضي المحامي العام",b,d. سلك القاضي المحامي العام,false
" يعرف النص الكلاسيكي Daodejing بأي عنوان باللغة الإنجليزية؟
A.كلاسيكي التغييرات
B.كلاسيكي الطريق والقوة
C.كلاسيكي المرأة
D.كلاسيكية الفلسفة",b,b. كلاسيكي الطريق والقوة,true
"أي مما يلي هو مستند شخصي ذو وصول مغلق؟
A.""ورقة بيضاء"" حكومية
B.السجلات الطبية السرية
C.دفتر حسابات الأسرة
D.سجل أسهم الشركة",c,b. السجلات الطبية السرية,false
"أعيد فتح سوبر ماركت للتو بعد إغلاق دام أسبوعين للتجديدات. في صباح يوم إعادة الافتتاح ، كانت امرأة تتسوق عندما سقطت فجأة وأصيبت بكسر في ساقها. بعد ذلك ، رفعت المرأة دعوى قضائية ضد السوبر ماركت بسبب إصابات شخصية. في بدلتها ، ادعت المرأة أنها تعثرت فوق دلو طلاء كان ملقى في أحد الممرات. في المحاكمة، اتصلت المرأة بزبون آخر لتشهد أنه بينما كان يتسوق سمع صوتا، واستدار ورأى المرأة تسقط على الأرض. كما شهد بأنه رأى دلو طلاء فارغا ملقى على بعد أقدام قليلة من ساق المرأة. عند الاستجواب ، دخل العميل في تبادل جدلي مع محامي السوبر ماركت. عندما سئل عن رأيه في سبب سقوط المرأة ، شهد العميل ، ""لقد سقطت لأنها تعثرت على الدلو. "" ومع ذلك ، اعترف في الاستجواب أنه لم ير المرأة تتعثر على الدلو. ثم سأل محامي السوبر ماركت العميل السؤال التالي: ""إذا لم تر المرأة تتعثر على الدلو ، فكيف تعرف أنها سقطت بسببها؟"" أجاب الزبون ، ""لأن صديقتي التي كانت تتسوق معي أخبرتني لاحقا أنها رأت المرأة تتعثر فوق الدلو. "" يتحرك محامي السوبر ماركت لضرب الإجابة الأخيرة للعميل. إذا ألغى قاضي المحاكمة طلب المدعى عليه وسمح لإجابة العميل بالوقوف ، فمن المرجح أن يكون ذلك بسبب
A.تمت دعوة إجابة العميل من خلال سؤال محامي السوبر ماركت.
B.استندت إجابة العميل إلى معرفة مباشرة.
C.كانت إجابة العميل عبارة عن بيان للتصور الحديث.
D.كانت إجابة العميل انطباعا منطقيا حاضرا.",a,a. تمت دعوة إجابة العميل من خلال سؤال محامي السوبر ماركت.,true
"مزارع هو حاليا صاحب سجل قطعة أرض تم تعيينها على أنها ""A. "" وهي أعلى عقارين مجاورين على جبل. المزارع هو صاحب القطعة ""ب"" ، التي تقع أقل من ""أ"" على سفح الجبل. في عام 2000 ، قام المزارع ، الذي كان يمتلك قطعتي الأرض ، ببناء نظام صرف خاص. يتكون هذا النظام من خط أنابيب تحت الأرض يمتد عبر قطعتي الأرض. يتم تصريف مياه الصرف الصحي من القطعة ""أ"" عبر النظام إلى مجاري البلدية ، التي كانت تقع في أسفل الجبل. في عام 2005 ، باع المزارع الطرد ""ب"" للمزارع. لم يتضمن صك المزارع أي ذكر لنظام الصرف الصحي للمزرعة. تقع على كل قطعة من قطع الأراضي منازل كبيرة على طراز المزرعة يشغلها أصحابها. في الآونة الأخيرة ، بدأ تصريف مياه الصرف الصحي ينبعث منه رائحة كريهة عبر الطرد ""ب. "" ونتيجة لذلك ، رفع المزارع دعوى قضائية ضد المزارع في التعدي على ممتلكات الغير للمطالبة بالأضرار الناجمة عن نظام الصرف. يجب أن يكون الحكم ل
A.المزارع ، لأن صك المزارع لم يحتوي على أي تعهدات تقيد استخدام المزارع للأرض.
B.مربي الماشية ، لأن السبب الصحيح لعمل المزارع سيكون الإزعاج ، وليس التعدي على ممتلكات الغير.
C.المزارع ، لأن نظام الصرف كان السبب المباشر لأضرار المدعي كمسألة قانونية.
D.المزارع ، لأن المزارع لم يكن له الحق في تحسين أرضه بطريقة تسبب ضررا لآخر.",b,c. المزارع ، لأن نظام الصرف كان السبب المباشر لأضرار المدعي كمسألة قانونية.,false
"خطوط المجال المغناطيسي حول شكل سلك يحمل التيار
A.الدوائر
B.خطوط شعاعية
C.التيارات الدوامة
D.حلقات الطاقة",a,"a. الدوائر

خطوط المجال المغناطيسي حول سلك يحمل تيار تأخذ شكل دوائر متحدة المركز حول السلك.",true
"ما المرض الذي لا تسببه فيروسات الهربس؟
A.شلل الأطفال
B.التهاب الدماغ
C.الأمراض المنقولة جنسيا
D.سرطان",a,"a. شلل الأطفال

شلل الأطفال لا يسببه فيروس الهربس، بل يسببه فيروس شلل الأطفال.",false
"أظهرت الأبحاث حول اكتساب اللغة الثانية أي مما يلي عن الأطفال الذين يكتسبون لغة ثانية
A.تأخر نموهم المعرفي
B.لديهم تعبير أفضل من الأطفال الذين ليسوا ثنائيي اللغة
C.إجادتهم لغتهم الأم ليس لها أي تأثير على معدل اكتساب اللغة الثانية
D.لديهم زيادة المرونة المعرفية",d,"d. لديهم زيادة المرونة المعرفية

الأبحاث حول اكتساب اللغة الثانية تشير إلى أن الأطفال الذين يكتسبون لغة ثانية يتمتعون بزيادة في المرونة المعرفية، مما يعني أنهم يمكن أن يتكيفوا بشكل أفضل مع المواقف الجديدة ويتعاملون مع المهام المتعددة بكفاءة أكبر.",true
"ضمن أي مجال من مجالات العلاقات العامة من المرجح أن ينطوي على الضغط؟
A.الشركات
B.العلاقات المالية
C.الشؤون العامة
D.الأعمال التجارية إلى الأعمال",c,"c. الشؤون العامة

الشؤون العامة في مجال العلاقات العامة تنطوي على التعامل مع القضايا الحكومية والسياسية والتأثير عليها، وهذا يمكن أن يشمل التواصل مع المسؤولين الحكوميين، العمل على التشريعات، وإدارة الأزمات العامة. هذه الأنشطة غالبًا ما تكون تحت ضغط عالٍ بسبب حساسيتها وتأثيرها المباشر على الرأي العام والسياسات.",true
"أشارت الدراسات التي أجريت على مسببات الفصام إلى وجود استعداد وراثي للحالة ولكن هناك عوامل أخرى متورطة. من خلال معرفتك بالموضوع ، حدد أي من العبارات التالية غير صحيحة.
A.الدوبامين الزائد أو الحساسية للدوبامين يمكن أن يكون عاملا مساهما.
B.المرضى البيض هم أكثر أعراضا.
C.مغفرة من الحالة في العالم الثالث هو 65 ٪.
D.انخفاض معدل الفصام الذي تم تشخيصه بين الأمريكيين من أصل أفريقي.",d,"العبارة التي غير صحيحة هي:

d.انخفاض معدل الفصام الذي تم تشخيصه بين الأمريكيين من أصل أفريقي.

الدراسات والأبحاث تشير إلى أن الأمريكيين من أصل أفريقي قد يواجهون معدلات تشخيص أعلى للفصام مقارنة بالأمريكيين البيض، وليس انخفاضاً. هذا يمكن أن يعكس عوامل متعددة بما في ذلك التحيزات العرقية في التشخيص والوصول إلى الرعاية الصحية، بالإضافة إلى العوامل الاجتماعية والاقتصادية.",true
"الغرض من الدراسة مزدوجة التعمية أو المزدوجة المقنعة هو:
A.تحقيق قابلية المقارنة بين الأشخاص المعالجين وغير المعالجين
B.تقليل آثار تباين العينات
C.تجنب تحيز المراقب والموضوع
D.تجنب تحيز المراقب وتباين العينات",b,"c. تجنب تحيز المراقب والموضوع

الدراسات مزدوجة التعمية أو المزدوجة المقنعة تهدف بشكل أساسي إلى تجنب تحيز المراقب (الباحث) والموضوع (المشارك في الدراسة)، حيث لا يعرف المشاركون ولا الباحثون من يتلقى العلاج الفعلي ومن يتلقى العلاج الوهمي (البلاسيبو). هذا يساعد في ضمان أن النتائج المتحصلة تعكس الفعالية الحقيقية للعلاج دون التأثر بتوقعات المشاركين أو الباحثين.",false
" ترتبط مجتمعات القاعدة بأي مما يلي؟
A.المطران أوسكار روميرو
B.المقاومة والتجديد
C.كرامة جميع البشر
D.كل ما سبق",d,"d.كل ما سبق

مجتمعات القاعدة ترتبط بالمطران أوسكار روميرو، المقاومة والتجديد، وكرامة جميع البشر. هذه المجتمعات تعبر عن التزامها بالعدالة الاجتماعية والتضامن مع الفقراء والمهمشين، وتستلهم من مثال روميرو وغيره من القادة الروحيين الذين ناضلوا من أجل العدالة والسلام.",true
"قبل وضع اقتراح لدمج بلدتين على الاقتراع ، أصدر المدعي العام للولاية رأيا استشاريا ينص على أن الإجراء ، في رأيها ، لا ينتهك أي أحكام قانونية أو دستورية. بعد ذلك ، تم وضع الاقتراح على ورقة الاقتراع وتم تمريره بأغلبية ساحقة من قبل الناخبين في كلتا المدينتين. بعد الانتخابات ، ولكن قبل تنفيذ الاندماج رسميا ، رفع اثنان من دافعي الضرائب من إحدى البلدات دعوى لفرض التوحيد ، مهاجمين دستورية الاقتراح. وصلت الدعوى إلى المحكمة العليا للولاية ووجدت أنها دستورية بموجب كل من قانون الولاية والقانون الفيدرالي. يقدم المدعون الآن طلبا يسعى إلى مراجعة هذه القضية من قبل المحكمة العليا الأمريكية. يجوز للمحكمة
A.عدم سماع القضية ، لأنه تم البت فيها على أسس الدولة المستقلة.
B.لا تسمع القضية ، ولكن قد يتم إعادتها إلى محكمة المقاطعة الفيدرالية.
C.استمع إلى القضايا الفيدرالية المعنية ، لكن ارفض الحكم على قضية الولاية.
D.الاعتماد على الرأي الاستشاري الصادر عن النائب العام للدولة وعدم النظر في القضية على أساسها.",a,"c. استمع إلى القضايا الفيدرالية المعنية ، لكن ارفض الحكم على قضية الولاية.

المحكمة العليا الأمريكية تملك السلطة لمراجعة القضايا التي تتضمن تفسيرات للقانون الفيدرالي أو الدستور الأمريكي. إذا كانت القضية تتضمن أيضًا قضايا تتعلق بقانون الولاية، فإن المحكمة العليا قد تختار النظر في الجوانب الفيدرالية للقضية فقط وترك القضايا المتعلقة بقانون الولاية للمحاكم الولائية.",false
"تأتي امرأة تبلغ من العمر 54 عاما إلى المكتب لأنها عانت من ألم متقطع في إطلاق النار على خدها الأيمن وفكها خلال الأسابيع ال 3 الماضية. كل حلقة من الألم تستمر لمدة 1 ثانية أو أقل. غالبا ما يحدث الألم بسبب الهواء البارد والمضغ والتحفيز عن طريق اللمس وتنظيف أسنانها بالفرشاة. لم تتعرض لصدمة في وجهها أو رأسها. التاريخ الطبي ملحوظ لصداع التوتر والسمنة وجراحة المجازة المعدية. يبلغ طولها 165 سم (5 أقدام و 5 بوصات) ويزن 62 كجم (137 رطلا) ؛ مؤشر كتلة الجسم هو 23 كجم / م 2. العلامات الحيوية طبيعية. لا يمكن للمريض تحمل اللمس على الجانب الأيمن من الوجه. لا يوجد ضعف في الوجه أو فقدان الإحساس. ما تبقى من الفحص البدني لا يظهر أي تشوهات. لا يظهر التصوير المقطعي المحوسب للرأس مع التباين وبدونه أي تشوهات. أي من الآتي أنسب علاج دوائي في هذا الزمن؟
A.كاربامازيبين
B.لاموتريجين
C.ليفيتيراسيتام
D.توبيراميت",a,"الأعراض الموصوفة تتوافق مع الألم العصبي الثلاثي التوائم (trigeminal neuralgia)، وهو اضطراب يتميز بألم حاد ومفاجئ ومثل الصدمات الكهربائية في مناطق توزيع العصب الثلاثي التوائم، والذي يمكن أن يُحفز بواسطة اللمس، الهواء البارد، المضغ، أو أنشطة الوجه الأخرى. الكاربامازيبين هو العلاج الأولي المفضل للألم العصبي الثلاثي التوائم وقد أظهر فعالية كبيرة في التحكم بالأعراض.

الإجابة: a. كاربامازيبين",true
"أي مما يلي يصف الإرشادات الأخلاقية المتعلقة بالحميمية الجنسية مع عملاء العلاج السابقين؟
A.يحظر على علماء النفس إقامة علاقات جنسية حميمة مع عملاء العلاج السابقين تحت أي ظرف من الظروف.
B.يحظر على علماء النفس إقامة علاقات جنسية حميمة مع عملاء العلاج السابقين لمدة عام على الأقل بعد إنهاء العلاج.
C.يحظر على علماء النفس إقامة علاقات جنسية حميمة مع عملاء العلاج السابقين في ظروف معينة (على سبيل المثال ، عندما يكون هناك خطر الاستغلال).
D.لا يحظر على علماء النفس إقامة علاقات جنسية حميمة مع عملاء العلاج السابقين.",c,"b. يحظر على علماء النفس إقامة علاقات جنسية حميمة مع عملاء العلاج السابقين لمدة عام على الأقل بعد إنهاء العلاج.

هذه الإرشادات تعكس المعايير الأخلاقية المتبعة في العديد من المنظمات المهنية، مثل الجمعية الأمريكية لعلم النفس (apa)، التي توصي بفترة انتظار لمدة عام على الأقل قبل أن يمكن لعالم النفس أن يفكر في إقامة علاقة جنسية حميمة مع عميل سابق. الهدف من هذه القاعدة هو تقليل خطر الاستغلال والضرر النفسي للعميل.",false
"يجد موظف في شركة تصنيع كبيرة العمل مملا ، ويتابع الوظيفة فقط من أجل المال. الموظف يؤدي الحد الأدنى ، وليس لديه الدافع لذلك إنتاج أعلى كمية أو جودة أفضل. وفقا لنظرية العاملين ل F. Herzberg ، فإن أفضل طريقة 10 لزيادة الدافع الذاتي لهذا العامل هي
A.تقديم زيادة ودفع حافز لزيادة الإنتاجية
B.إعادة تصميم الوظيفة لتوفير التحدي والشعور بالإنجاز
C.زيادة فرص التفاعل الاجتماعي المستنير
D.تزويد الموظف بمد وظيفي يحمل مكانة أكبر",b,"وفقا لنظرية العاملين لـ f. herzberg، فإن الطريقة الأفضل لزيادة الدافع الذاتي لهذا العامل هي:

b.إعادة تصميم الوظيفة لتوفير التحدي والشعور بالإنجاز

تقوم نظرية هرزبرغ على فكرة أن هناك عوامل محفزة تؤثر على الرضا الوظيفي والدافعية، وتشمل هذه العوامل الإنجاز، والاعتراف، والعمل نفسه، والمسؤولية، والتقدم، والنمو. إعادة تصميم الوظيفة لجعلها أكثر تحدياً ومكافأة يمكن أن يزيد من الشعور بالإنجاز والرضا، مما يؤدي إلى تحسين الدافعية.",true
"تلقت الشرطة معلومات من مخبر موثوق به بأن رجلا كان يتاجر بالكوكايين من منزله. ثم قدم الضباط إلى القاضي إفادة خطية تبين الظروف التي تبين الأسباب المحتملة لإصدار أمر التفتيش. وأصدر القاضي مذكرة تفتيش للمخدرات في عنوان الرجل. ذهب ضباط الشرطة إلى منزل الرجل وقرعوا جرس الباب. عندما لم يرد أحد، اقتحمت الشرطة المنزل ودخلته. فتشوا الغرف في الطابق الأول ولم يعثروا على أدلة تدينهم، ثم خرجوا ولاحظوا مدخلا منفصلا يؤدي إلى الطابق الثاني من المسكن. صعدوا الدرج ودخلوا غرفة نوم في الطابق العلوي. داخل الغرفة ، وجد الضباط مخبأ من الكوكايين ملقى على خزانة ملابس. وبينما كان الضباط يواصلون تفتيشهم لغرفة النوم، دخل المدعى عليه الغرفة. سألت الشرطة المدعى عليه إذا كان هو الرجل. عرف المتهم عن نفسه وأخبر الشرطة أنهم كانوا في غرفة نومه وأنه احتل الطابق الثاني من المسكن. وأوضح المدعى عليه أن الرجل كان يقيم في الطابق الأول وأن أماكن إقامته منفصلة عن مسكن المدعى عليه. ومع ذلك ، تم وضع المدعى عليه قيد الاعتقال واتهم بحيازة الكوكايين. قدم المدعى عليه طلبا لاستبعاد الكوكايين من القبول كدليل. يجب أن يكون طلب المدعى عليه
A.منحت ، لأن مذكرة التوقيف لم تذكر اسم المدعى عليه.
B.ممنوح ، لأن الأمر لم يذكر على وجه التحديد المنطقة التي سيتم تفتيشها.
C.تم رفضه لأن الشرطة اعتقدت بشكل معقول أنها كانت تفتش منزل الرجل عندما دخلت مكان إقامة المدعى عليه.
D.رفض ، لأن الأمر كان صالحا وصدر لسبب محتمل.",c,"b. ممنوح ، لأن الأمر لم يذكر على وجه التحديد المنطقة التي سيتم تفتيشها.

في القانون، يجب أن تحدد مذكرات التفتيش بوضوح الأماكن التي سيتم تفتيشها والأشياء التي يتم البحث عنها. إذا كان الأمر لا يحدد بدقة المنطقة التي يجب تفتيشها، فقد يؤدي ذلك إلى انتهاك حقوق الخصوصية للأشخاص ويمكن أن يؤدي إلى استبعاد الأدلة التي تم الحصول عليها بشكل غير قانوني. في هذه الحالة، إذا كان الأمر لم يحدد بوضوح أن الطابق الثاني، الذي يعتبر مسكن المدعى عليه المنفصل، كان ضمن نطاق التفتيش، فقد يكون للمدعى عليه أساس قانوني لطلب استبعاد الكوكايين كدليل.",false
"كان رجل صاحب الفندق الذي تم تشييده حديثا في المدينة. في 15 مارس، تلقى الرجل مكالمة هاتفية من مندوب مبيعات كان موزعا لمعدات الفندق. عرض مندوب المبيعات بيع الرجل 1000 طفاية حريق لفندقه. أخبر مندوب المبيعات الرجل أن تكلفة طفايات الحريق ستكون 35000 دولار (أو 35 دولارا للقطعة الواحدة) ، تدفع بعد 90 يوما من التسليم. وعد مندوب المبيعات بتركيب طفايات الحريق في موعد أقصاه 15 أبريل. في 16 مارس، اتصل الرجل بمندوب المبيعات وقبل العرض. في اليوم التالي ، أرسل الرجل المذكرة التالية بالبريد إلى مندوب المبيعات: ""يرجى العلم بأنني سأحصل على خصم بنسبة 15 بالمائة للدفع النقدي بعد سبعة أيام من التثبيت. "" تلقى مندوب المبيعات مراسلات الرجل في 20 مارس. في 1 أبريل ، أرسل مندوب المبيعات برقية إلى الرجل ، قائلا: ""من الواضح أنه ليس لدينا عقد قابل للتنفيذ ساري المفعول. لن أقوم بتسليم طفايات الحريق في 15 أبريل أو في أي وقت آخر. ""الرجل يرفع دعوى ضد مندوب المبيعات لخرق العقد. يؤكد مندوب المبيعات الدفاع عن قانون الاحتيال بموجب UCC. أي من الآتي هو أدق عبارة فيما يتعلق بدفاعات مندوب المبيعات؟
A.دفاع مندوب المبيعات صحيح ، لأن مذكرة الرجل لم تكن كافية للإشارة إلى تشكيل العقد.
B.دفاع مندوب المبيعات صحيح ، لأن مذكرة الرجل كانت غير متسقة مع شروط العرض الشفوي لمندوب المبيعات.
C.دفاع مندوب المبيعات غير صالح ، لأن مندوب المبيعات فشل في الرد على مذكرة الرجل في غضون فترة زمنية معقولة.
D.دفاع مندوب المبيعات غير صالح ، لأنه بموجب UCC لا ينطبق قانون الاحتيال في الاتفاقيات بين التجار.",a,"d. دفاع مندوب المبيعات غير صالح ، لأنه بموجب ucc لا ينطبق قانون الاحتيال في الاتفاقيات بين التجار.

توضيح: قانون الاحتيال (statute of frauds) يتطلب أن تكون بعض العقود مكتوبة لتكون قابلة للتنفيذ. ومع ذلك، تحتوي القواعد الخاصة بالعقود التجارية تحت القانون النموذجي للمعاملات التجارية (ucc) على استثناءات لهذا القاعدة. واحد من هذه الاستثناءات يتعلق بالاتفاقيات بين التجار، حيث يمكن أن يتم التغاضي عن متطلبات الكتابة إذا كان هناك تأكيد كتابي للعقد والطرف المتلقي للتأكيد لم يعترض خطياً على محتواه في غضون 10 أيام. في هذه الحالة، قد يكون الدفاع بأن العقد غير قابل للتنفيذ بموجب قانون الاحتيال غير صالح لأن الطرفين هما تجار وكان هناك تبادل للمراسلات التي تشير إلى وجود اتفاق.",false
"وفي سياق العولمة، كيف يمكننا تعريف مصطلح ""التنمية"" على أفضل وجه؟
A.يشير مصطلح التنمية إلى الحالة الإنسانية التي يوجد فيها التحرر من الخوف والعوز. هناك موارد كافية للحفاظ على الحياة ويمكن أن توجد هذه الحياة في حالة خالية من التهديد أو التهديد المتصور بالانقطاع المفاجئ.
B.لكي تعتبر الأمة متقدمة ، يجب أن تكون قد حققت وضعا اقتصاديا وسياسيا معينا داخل نظام الدولة العالمي. وهكذا يتم تحديد معيار ما يشكل دولة ""متقدمة"" من خلال متطلبات التفاعل في هذا النظام.
C.والتنمية وسيلة لمعالجة أوجه عدم المساواة التي تصاحب العولمة النيوليبرالية. وفي هذا السياق، تشير التنمية إلى قدرة السكان أو المجتمع المحلي على استخدام الموارد بفعالية وزيادة الكفاءة في الإنتاج والتوزيع، وتعزيز التوزيع الأكثر إنصافا للدخل داخل المجتمع.
D.يشير تطور المجتمع إلى أنظمة القيم الأيديولوجية والأخلاقية التي يشترك فيها سكانه. في النظام الدولي المعولم ، يشير هذا إلى تبني الأيديولوجية الديمقراطية الليبرالية الغربية واقتصاديات السوق الحرة.",c,"تعريف ""التنمية"" في سياق العولمة يمكن أن يكون معقدًا ومتعدد الأبعاد، حيث يشمل جوانب اقتصادية، اجتماعية، وسياسية. بناءً على الخيارات المقدمة:

a. هذا التعريف يركز على الجوانب الإنسانية للتنمية، مشددًا على الحاجة إلى الأمان والكفاية في الموارد للحياة الكريمة. يتماشى هذا مع مفهوم التنمية كتحسين للظروف المعيشية والحقوق الأساسية للإنسان.

b. يتناول هذا الخيار التنمية من منظور النظام الدولي، مع التركيز على الوضع الاقتصادي والسياسي للدولة ضمن هذا النظام. هذا يعكس وجهة نظر تربط التنمية بالتقدم الاقتصادي والاستقرار السياسي.

c. يقدم هذا الخيار تعريفًا يركز على التنمية كوسيلة لمعالجة عدم المساواة، مع التأكيد على الاستخدام الفعال للموارد وتعزيز التوزيع العادل للدخل. هذا يعكس فهم التنمية كعملية شاملة تهدف إلى تحقيق العدالة الاجتماعية والاقتصادية.

d. يركز هذا الخيار على التنمية كتطور للقيم الأيديولوجية والأخلاقية، مع التأكيد على تبني الديمقراطية الليبرالية واقتصاد السوق الحر. هذا يعكس وجهة نظر تربط التنمية بالتحولات الثقافية والأيديولوجية.

بشكل عام، يمكن القول إن التنمية في سياق العولمة تشمل مزيجًا من هذه الأبعاد، حيث تسعى لتحقيق تقدم اقتصادي واجتماعي وسياسي مستدام يعود بالنفع على الجميع، مع التركيز على الحد من عدم المساواة وتعزيز الحقوق الإنسانية والتنمية المستدامة.",true
"أي من الآتي يصف الموقف بعد رفع السعر على منتج له طلب غير مرن؟
A.الكمية المطلوبة لن تتغير.
B.الكمية المطلوبة ستزيد.
C.سينخفض إجمالي الإيرادات.
D.إجمالي الإيرادات لن يتغير.",a,"a. الكمية المطلوبة لن تتغير.

هذا الخيار غير صحيح لأنه حتى في حالة الطلب غير المرن، فإن زيادة السعر عادة ما تؤدي إلى تغيير في الكمية المطلوبة، ولكن بنسبة أقل مقارنة بالسلع ذات الطلب المرن.

b. الكمية المطلوبة ستزيد.

هذا الخيار غير صحيح لأن زيادة السعر لا تؤدي إلى زيادة الكمية المطلوبة في حالة الطلب على منتج. في الواقع، العكس هو الصحيح؛ الكمية المطلوبة تميل إلى الانخفاض عندما يزيد السعر.

c. سينخفض إجمالي الإيرادات.

هذا الخيار غير صحيح لأنه في حالة الطلب غير المرن، عندما يتم رفع السعر، إجمالي الإيرادات (المبيعات) يميل إلى الزيادة لأن الانخفاض في الكمية المباعة لا يكون كبيرًا بما يكفي لتعويض الزيادة في السعر.

d. إجمالي الإيرادات لن يتغير.

هذا الخيار غير صحيح. الإجابة الصحيحة هي أن إجمالي الإيرادات يميل إلى الزيادة في حالة الطلب غير المرن عندما يتم رفع السعر. السبب هو أن الناس سيواصلون شراء المنتج بالرغم من الزيادة في السعر لأنهم إما يحتاجون إليه بشدة أو لا يوجد بديل مقبول لهم. 

الإجابة الأكثر دقة لوصف الموقف بعد رفع السعر على منتج له طلب غير مرن هي أن إجمالي الإيرادات (المبيعات) يميل إلى الزيادة، ولكن هذا الخيار لم يُقدم ضمن الخيارات المتاحة. الخيارات المقدمة لا تصف بدقة النتيجة المتوقعة لرفع السعر على منتج له طلب غير مرن.",false
"أي من النقاط التالية تدعم حجة الأحادية الأمريكية؟
A.الهيمنة الخيرة
B.عدم فعالية تعددية الأطراف
C.القوة الأمريكية
D.كل ما سبق",d,"d. كل ما سبق

كل من النقاط المذكورة تدعم حجة الأحادية الأمريكية بطريقة ما:

a. الهيمنة الخيرة: تشير إلى فكرة أن الولايات المتحدة، بسبب قيمها ونظامها الديمقراطي، لديها الحق والمسؤولية لقيادة العالم نحو الأفضل. هذا المفهوم يدعم الأحادية بالافتراض أن الولايات المتحدة لديها دور فريد ومركزي في السياسة العالمية.

b. عدم فعالية تعددية الأطراف: الاعتقاد بأن الجهود متعددة الأطراف، مثل تلك التي تتم من خلال الأمم المتحدة أو غيرها من المنظمات الدولية، غالبًا ما تكون غير فعالة بسبب الخلافات بين الدول وصعوبة التوصل إلى اتفاق. هذا الرأي يدعم الأحادية بالزعم أن الولايات المتحدة يجب أن تتصرف بمفردها أو مع تحالفات مرنة لتكون أكثر فعالية.

c. القوة الأمريكية: الإشارة إلى القدرات العسكرية والاقتصادية الهائلة للولايات المتحدة، مما يجعلها القوة العظمى الوحيدة القادرة على فرض إرادتها وحماية مصالحها على الصعيد العالمي. هذا العنصر يدعم الأحادية بالفكرة أن الولايات المتحدة لديها القدرة وبالتالي يجب أن تتخذ القيادة في الشؤون العالمية، حتى بدون دعم أو موافقة من دول أخرى.

بالتالي، كل هذه العناصر مجتمعة تقدم دعمًا للحجة القائلة بأن الأحادية الأمريكية هي النهج الأمثل أو الضروري في السياسة الدولية.",true
"أي مما يلي يصف المركزية الأوروبية؟
A.المركزية الأوروبية هي أسلوب تحليل تتم فيه مقارنة المجتمعات الأوروبية بالمجتمعات غير الأوروبية لإنتاج مقارنة غير متحيزة للمزايا النسبية لكل منها.
B.المركزية الأوروبية هي أسلوب تفكير يتم فيه صياغة تقييم وتقييم المجتمعات غير الأوروبية من حيث الافتراضات والتحيزات الثقافية للأوروبيين.
C.تصف المركزية الأوروبية الدراسات أو العمل العلمي الذي يأخذ في الاعتبار الأنظمة السياسية أو الاقتصادية الأوروبية فقط.
D.كل هذه الخيارات.",b,b. المركزية الأوروبية هي أسلوب تفكير يتم فيه صياغة تقييم وتقييم المجتمعات غير الأوروبية من حيث الافتراضات والتحيزات الثقافية للأوروبيين.,true
